Survey,FIPS,FIPS,Region,Division,County,,1-unit,,,2-units,,,3-4 units,,,5+ units,,,1-unit rep,,,2-units rep,,,3-4 units rep,,, 5+units rep
Date,State,County,Code,Code,Name,Bldgs,Units,Value,Bldgs,Units,Value,Bldgs,Units,Value,Bldgs,Units,Value,Bldgs,Units,Value,Bldgs,Units,Value,Bldgs,Units,Value,Bldgs,Units,Value
2025,08,001,4,8,Adams County                  ,1884,1884,627759180,66,132,24854901,1,4,1151872,50,588,88049196,1853,1853,618150176,66,132,24854901,1,4,1151872,50,588,88049196
2025,08,003,4,8,Alamosa County                ,42,42,8098689,7,14,2145168,0,0,0,0,0,0,14,14,3086439,7,14,2145168,0,0,0,0,0,0
2025,08,005,4,8,Arapahoe County               ,1735,1735,496924933,1,2,500000,9,30,6375016,52,1832,304190533,1691,1691,483433153,1,2,500000,8,27,5937191,49,1817,302689767
2025,08,007,4,8,Archuleta County              ,124,124,41753983,0,0,0,0,0,0,0,0,0,119,119,40881515,0,0,0,0,0,0,0,0,0
2025,08,009,4,8,Baca County                   ,2,2,535000,0,0,0,0,0,0,0,0,0,2,2,535000,0,0,0,0,0,0,0,0,0
2025,08,011,4,8,Bent County                   ,1,1,246300,0,0,0,0,0,0,0,0,0,1,1,246300,0,0,0,0,0,0,0,0,0
2025,08,013,4,8,Boulder County                ,428,428,240137872,12,24,6566327,4,15,3146097,39,1534,319735762,373,373,219420807,8,16,5073857,3,12,2068060,32,1283,272087316
2025,08,014,4,8,Broomfield County             ,76,76,39467943,0,0,0,4,14,3966208,8,880,183575387,76,76,39467943,0,0,0,4,14,3966208,8,880,183575387
2025,08,015,4,8,Chaffee County                ,167,167,69630271,1,2,222256,2,6,1159073,0,0,0,167,167,69630271,1,2,222256,2,6,1159073,0,0,0
2025,08,017,4,8,Cheyenne County               ,4,4,1928988,0,0,0,0,0,0,0,0,0,2,2,1096519,0,0,0,0,0,0,0,0,0
2025,08,019,4,8,Clear Creek County            ,21,21,12337364,0,0,0,0,0,0,0,0,0,16,16,10327369,0,0,0,0,0,0,0,0,0
2025,08,021,4,8,Conejos County                ,20,20,8000475,0,0,0,0,0,0,0,0,0,20,20,8000475,0,0,0,0,0,0,0,0,0
2025,08,023,4,8,Costilla County               ,114,114,33803130,0,0,0,0,0,0,0,0,0,114,114,33803130,0,0,0,0,0,0,0,0,0
2025,08,025,4,8,Crowley County                ,0,0,0,0,0,0,0,0,0,0,0,0,0,0,0,0,0,0,0,0,0,0,0,0
2025,08,027,4,8,Custer County                 ,78,78,22862870,0,0,0,0,0,0,0,0,0,78,78,22862870,0,0,0,0,0,0,0,0,0
2025,08,029,4,8,Delta County                  ,56,56,12525730,1,2,435000,0,0,0,0,0,0,29,29,7877919,1,2,435000,0,0,0,0,0,0
2025,08,031,4,8,Denver County                 ,1027,1027,332552732,0,0,0,4,12,1567792,54,3688,701977846,967,967,313974864,0,0,0,4,12,1567792,46,3124,608258024
2025,08,033,4,8,Dolores County                ,0,0,0,0,0,0,0,0,0,0,0,0,0,0,0,0,0,0,0,0,0,0,0,0
2025,08,035,4,8,Douglas County                ,1465,1465,649346930,3,6,645466,12,46,8333865,27,881,178580724,1465,1465,649346930,3,6,645466,12,46,8333865,27,881,178580724
2025,08,037,4,8,Eagle County                  ,163,163,151066521,3,6,1137306,2,7,1558638,7,47,11058402,142,142,123954540,2,4,753179,1,3,700000,4,32,5486973
2025,08,039,4,8,Elbert County                 ,285,285,139826565,0,0,0,0,0,0,2,48,5340000,285,285,139826565,0,0,0,0,0,0,2,48,5340000
2025,08,041,4,8,El Paso County                ,2721,2721,1473836656,91,182,32709756,0,0,0,65,2804,558512846,2721,2721,1473836656,91,182,32709756,0,0,0,65,2804,558512846
2025,08,043,4,8,Fremont County                ,105,105,26312385,1,2,346230,0,0,0,0,0,0,105,105,26312385,1,2,346230,0,0,0,0,0,0
2025,08,045,4,8,Garfield County               ,201,201,76803871,0,0,0,1,4,1119100,4,89,19756846,201,201,76803871,0,0,0,1,4,1119100,4,89,19756846
2025,08,047,4,8,Gilpin County                 ,22,22,15369794,0,0,0,0,0,0,0,0,0,22,22,15369794,0,0,0,0,0,0,0,0,0
2025,08,049,4,8,Grand County                  ,221,221,79392484,3,6,422724,0,0,0,6,84,10751884,123,123,46201718,3,6,422724,0,0,0,3,69,8521231
2025,08,051,4,8,Gunnison County               ,136,136,136614412,1,2,503373,0,0,0,0,0,0,136,136,136614412,1,2,503373,0,0,0,0,0,0
2025,08,053,4,8,Hinsdale County               ,8,8,2372150,0,0,0,0,0,0,0,0,0,8,8,2372150,0,0,0,0,0,0,0,0,0
2025,08,055,4,8,Huerfano County               ,47,47,9801990,0,0,0,0,0,0,0,0,0,4,4,950000,0,0,0,0,0,0,0,0,0
2025,08,057,4,8,Jackson County                ,2,2,1150000,0,0,0,0,0,0,0,0,0,2,2,1150000,0,0,0,0,0,0,0,0,0
2025,08,059,4,8,Jefferson County              ,810,810,346660540,12,24,4808238,2,6,1239017,12,278,57108529,717,717,320627449,11,22,4365838,2,6,1239017,1,190,42500000
2025,08,061,4,8,Kiowa County                  ,1,1,296519,3,6,1197477,0,0,0,0,0,0,1,1,296519,3,6,1197477,0,0,0,0,0,0
2025,08,063,4,8,Kit Carson County             ,4,4,1158303,0,0,0,0,0,0,0,0,0,2,2,394319,0,0,0,0,0,0,0,0,0
2025,08,065,4,8,Lake County                   ,46,46,9827026,0,0,0,0,0,0,0,0,0,0,0,0,0,0,0,0,0,0,0,0,0
2025,08,067,4,8,La Plata County               ,188,188,113821288,4,8,2742000,3,12,2000000,8,168,17660046,188,188,113821288,4,8,2742000,3,12,2000000,8,168,17660046
2025,08,069,4,8,Larimer County                ,985,985,371185764,5,10,1065587,19,74,9167206,74,1367,236455365,963,963,362198220,5,10,1065587,19,74,9167206,73,1362,235163455
2025,08,071,4,8,Las Animas County             ,30,30,7538511,0,0,0,0,0,0,0,0,0,30,30,7538511,0,0,0,0,0,0,0,0,0
2025,08,073,4,8,Lincoln County                ,10,10,2963223,0,0,0,0,0,0,0,0,0,10,10,2963223,0,0,0,0,0,0,0,0,0
2025,08,075,4,8,Logan County                  ,5,5,5521223,0,0,0,0,0,0,0,0,0,4,4,5421223,0,0,0,0,0,0,0,0,0
2025,08,077,4,8,Mesa County                   ,693,693,106547713,0,0,0,0,0,0,7,117,6372329,693,693,106547713,0,0,0,0,0,0,7,117,6372329
2025,08,079,4,8,Mineral County                ,9,9,3731302,0,0,0,0,0,0,0,0,0,3,3,1250000,0,0,0,0,0,0,0,0,0
2025,08,081,4,8,Moffat County                 ,24,24,10901262,0,0,0,0,0,0,0,0,0,24,24,10901262,0,0,0,0,0,0,0,0,0
2025,08,083,4,8,Montezuma County              ,20,20,4986781,2,4,960000,0,0,0,0,0,0,1,1,419000,2,4,960000,0,0,0,0,0,0
2025,08,085,4,8,Montrose County               ,207,207,35971999,6,12,1853120,0,0,0,2,60,12500000,207,207,35971999,6,12,1853120,0,0,0,2,60,12500000
2025,08,087,4,8,Morgan County                 ,53,53,16753249,1,2,665035,0,0,0,0,0,0,51,51,16489445,1,2,665035,0,0,0,0,0,0
2025,08,089,4,8,Otero County                  ,8,8,1740000,0,0,0,0,0,0,0,0,0,8,8,1740000,0,0,0,0,0,0,0,0,0
2025,08,091,4,8,Ouray County                  ,76,76,61952893,0,0,0,0,0,0,0,0,0,55,55,58356823,0,0,0,0,0,0,0,0,0
2025,08,093,4,8,Park County                   ,152,152,59234507,0,0,0,0,0,0,0,0,0,152,152,59234507,0,0,0,0,0,0,0,0,0
2025,08,095,4,8,Phillips County               ,4,4,1081698,1,2,400639,0,0,0,0,0,0,4,4,1081698,1,2,400639,0,0,0,0,0,0
2025,08,097,4,8,Pitkin County                 ,36,36,334271208,0,0,0,0,0,0,0,0,0,36,36,334271208,0,0,0,0,0,0,0,0,0
2025,08,099,4,8,Prowers County                ,16,16,5758078,0,0,0,0,0,0,0,0,0,6,6,1595734,0,0,0,0,0,0,0,0,0
2025,08,101,4,8,Pueblo County                 ,226,226,39395026,0,0,0,0,0,0,0,0,0,226,226,39395026,0,0,0,0,0,0,0,0,0
2025,08,103,4,8,Rio Blanco County             ,15,15,20289556,0,0,0,0,0,0,0,0,0,15,15,20289556,0,0,0,0,0,0,0,0,0
2025,08,105,4,8,Rio Grande County             ,34,34,12074836,4,8,557000,0,0,0,0,0,0,34,34,12074836,4,8,557000,0,0,0,0,0,0
2025,08,107,4,8,Routt County                  ,196,196,291811809,0,0,0,1,3,5800000,3,19,7543947,196,196,291811809,0,0,0,1,3,5800000,3,19,7543947
2025,08,109,4,8,Saguache County               ,70,70,17622271,0,0,0,0,0,0,0,0,0,69,69,17206037,0,0,0,0,0,0,0,0,0
2025,08,111,4,8,San Juan County               ,13,13,4738950,2,4,1119012,1,4,597156,0,0,0,0,0,0,0,0,0,0,0,0,0,0,0
2025,08,113,4,8,San Miguel County             ,51,51,136336906,0,0,0,0,0,0,0,0,0,33,33,101897540,0,0,0,0,0,0,0,0,0
2025,08,115,4,8,Sedgwick County               ,0,0,0,0,0,0,0,0,0,0,0,0,0,0,0,0,0,0,0,0,0,0,0,0
2025,08,117,4,8,Summit County                 ,135,135,113871803,0,0,0,1,3,728938,15,180,48401080,84,84,89003729,0,0,0,0,0,0,5,126,36280025
2025,08,119,4,8,Teller County                 ,118,118,34952033,0,0,0,0,0,0,0,0,0,35,35,12872896,0,0,0,0,0,0,0,0,0
2025,08,121,4,8,Washington County             ,3,3,825042,0,0,0,0,0,0,0,0,0,3,3,825042,0,0,0,0,0,0,0,0,0
2025,08,123,4,8,Weld County                   ,2011,2011,768435198,0,0,0,0,0,0,72,982,164885418,2011,2011,768435198,0,0,0,0,0,0,72,982,164885418
2025,08,125,4,8,Yuma County                   ,2,2,593037,1,2,124000,0,0,0,0,0,0,2,2,593037,1,2,124000,0,0,0,0,0,0
