Survey,FIPS,FIPS,Region,Division,County,,1-unit,,,2-units,,,3-4 units,,,5+ units,,,1-unit rep,,,2-units rep,,,3-4 units rep,,, 5+units rep
Date,State,County,Code,Code,Name,Bldgs,Units,Value,Bldgs,Units,Value,Bldgs,Units,Value,Bldgs,Units,Value,Bldgs,Units,Value,Bldgs,Units,Value,Bldgs,Units,Value,Bldgs,Units,Value
2016,08,001,4,8,Adams County                  ,1997,1997,571283907,0,0,0,16,64,8988408,23,596,83721834,1997,1997,571283907,0,0,0,16,64,8988408,23,596,83721834
2016,08,003,4,8,Alamosa County                ,17,17,1619268,0,0,0,0,0,0,4,58,2996636,17,17,1619268,0,0,0,0,0,0,4,58,2996636
2016,08,005,4,8,Arapahoe County               ,2016,2016,512287361,4,8,1214270,0,0,0,60,2636,336156203,2013,2013,511979365,4,8,1214270,0,0,0,60,2636,336156203
2016,08,007,4,8,Archuleta County              ,129,129,29611986,1,2,216000,0,0,0,0,0,0,129,129,29611986,1,2,216000,0,0,0,0,0,0
2016,08,009,4,8,Baca County                   ,1,1,209000,0,0,0,0,0,0,0,0,0,1,1,209000,0,0,0,0,0,0,0,0,0
2016,08,011,4,8,Bent County                   ,3,3,1312395,0,0,0,0,0,0,0,0,0,0,0,0,0,0,0,0,0,0,0,0,0
2016,08,013,4,8,Boulder County                ,716,716,245874067,14,28,4601022,5,18,2088322,62,1087,128085681,646,646,233449945,0,0,0,1,3,330000,56,1056,123498256
2016,08,014,4,8,Broomfield County             ,523,523,174784374,5,10,2005953,2,8,1075814,1,5,673523,523,523,174784374,5,10,2005953,2,8,1075814,1,5,673523
2016,08,015,4,8,Chaffee County                ,115,115,30462152,4,8,1295848,1,3,549700,0,0,0,0,0,0,0,0,0,0,0,0,0,0,0
2016,08,017,4,8,Cheyenne County               ,1,1,75000,1,2,150000,0,0,0,0,0,0,1,1,75000,1,2,150000,0,0,0,0,0,0
2016,08,019,4,8,Clear Creek County            ,12,12,3945644,0,0,0,0,0,0,0,0,0,12,12,3945644,0,0,0,0,0,0,0,0,0
2016,08,021,4,8,Conejos County                ,20,20,3870900,0,0,0,0,0,0,0,0,0,20,20,3870900,0,0,0,0,0,0,0,0,0
2016,08,023,4,8,Costilla County               ,44,44,10044945,0,0,0,0,0,0,0,0,0,1,1,287713,0,0,0,0,0,0,0,0,0
2016,08,025,4,8,Crowley County                ,4,4,515000,0,0,0,0,0,0,0,0,0,4,4,515000,0,0,0,0,0,0,0,0,0
2016,08,027,4,8,Custer County                 ,57,57,15357658,0,0,0,0,0,0,0,0,0,57,57,15357658,0,0,0,0,0,0,0,0,0
2016,08,029,4,8,Delta County                  ,15,15,2321205,0,0,0,0,0,0,0,0,0,15,15,2321205,0,0,0,0,0,0,0,0,0
2016,08,031,4,8,Denver County                 ,1887,1887,429730054,185,370,80173410,1,4,757100,73,5581,749425366,1887,1887,429730054,185,370,80173410,1,4,757100,73,5581,749425366
2016,08,033,4,8,Dolores County                ,0,0,0,0,0,0,0,0,0,0,0,0,0,0,0,0,0,0,0,0,0,0,0,0
2016,08,035,4,8,Douglas County                ,2014,2014,623361928,0,0,0,3,9,1556706,66,1309,130239646,1946,1946,596716491,0,0,0,0,0,0,66,1309,130239646
2016,08,037,4,8,Eagle County                  ,190,190,140797881,7,14,2172288,3,9,1771132,2,133,15761864,185,185,136422881,7,14,2172288,3,9,1771132,2,133,15761864
2016,08,039,4,8,Elbert County                 ,120,120,29688059,0,0,0,0,0,0,0,0,0,119,119,29527629,0,0,0,0,0,0,0,0,0
2016,08,041,4,8,El Paso County                ,3526,3526,1433173996,4,8,832439,0,0,0,48,1500,223336916,3526,3526,1433173996,4,8,832439,0,0,0,48,1500,223336916
2016,08,043,4,8,Fremont County                ,85,85,18452026,0,0,0,0,0,0,0,0,0,85,85,18452026,0,0,0,0,0,0,0,0,0
2016,08,045,4,8,Garfield County               ,139,139,36439314,4,8,1257496,3,9,1179048,0,0,0,139,139,36439314,4,8,1257496,3,9,1179048,0,0,0
2016,08,047,4,8,Gilpin County                 ,31,31,12798532,0,0,0,0,0,0,0,0,0,31,31,12798532,0,0,0,0,0,0,0,0,0
2016,08,049,4,8,Grand County                  ,148,148,51792508,0,0,0,0,0,0,1,13,1933232,78,78,28084818,0,0,0,0,0,0,0,0,0
2016,08,051,4,8,Gunnison County               ,103,103,28966318,0,0,0,0,0,0,0,0,0,100,100,27653818,0,0,0,0,0,0,0,0,0
2016,08,053,4,8,Hinsdale County               ,7,7,1703055,0,0,0,0,0,0,0,0,0,7,7,1703055,0,0,0,0,0,0,0,0,0
2016,08,055,4,8,Huerfano County               ,31,31,5661992,0,0,0,0,0,0,0,0,0,31,31,5661992,0,0,0,0,0,0,0,0,0
2016,08,057,4,8,Jackson County                ,7,7,1221650,0,0,0,0,0,0,0,0,0,2,2,35400,0,0,0,0,0,0,0,0,0
2016,08,059,4,8,Jefferson County              ,1510,1510,432958878,2,4,938190,3,9,756300,29,1087,134485075,1510,1510,432958878,2,4,938190,3,9,756300,29,1087,134485075
2016,08,061,4,8,Kiowa County                  ,0,0,0,0,0,0,0,0,0,0,0,0,0,0,0,0,0,0,0,0,0,0,0,0
2016,08,063,4,8,Kit Carson County             ,0,0,0,0,0,0,0,0,0,0,0,0,0,0,0,0,0,0,0,0,0,0,0,0
2016,08,065,4,8,Lake County                   ,32,32,6640145,0,0,0,0,0,0,0,0,0,12,12,2600536,0,0,0,0,0,0,0,0,0
2016,08,067,4,8,La Plata County               ,211,211,93321238,8,16,2390176,0,0,0,4,33,4734276,211,211,93321238,8,16,2390176,0,0,0,4,33,4734276
2016,08,069,4,8,Larimer County                ,1622,1622,463992158,18,36,5391651,16,61,9729460,115,1813,201700208,1621,1621,463771912,18,36,5391651,16,61,9729460,115,1813,201700208
2016,08,071,4,8,Las Animas County             ,4,4,774444,0,0,0,0,0,0,0,0,0,0,0,0,0,0,0,0,0,0,0,0,0
2016,08,073,4,8,Lincoln County                ,10,10,1940000,0,0,0,0,0,0,0,0,0,10,10,1940000,0,0,0,0,0,0,0,0,0
2016,08,075,4,8,Logan County                  ,14,14,2705019,0,0,0,0,0,0,0,0,0,14,14,2705019,0,0,0,0,0,0,0,0,0
2016,08,077,4,8,Mesa County                   ,498,498,115299956,4,8,1056757,0,0,0,2,91,9352294,498,498,115299956,4,8,1056757,0,0,0,2,91,9352294
2016,08,079,4,8,Mineral County                ,14,14,2437800,0,0,0,0,0,0,0,0,0,14,14,2437800,0,0,0,0,0,0,0,0,0
2016,08,081,4,8,Moffat County                 ,10,10,1448000,0,0,0,0,0,0,0,0,0,10,10,1448000,0,0,0,0,0,0,0,0,0
2016,08,083,4,8,Montezuma County              ,23,23,5586011,0,0,0,0,0,0,0,0,0,23,23,5586011,0,0,0,0,0,0,0,0,0
2016,08,085,4,8,Montrose County               ,114,114,19622187,0,0,0,0,0,0,0,0,0,114,114,19622187,0,0,0,0,0,0,0,0,0
2016,08,087,4,8,Morgan County                 ,34,34,7653915,0,0,0,0,0,0,0,0,0,5,5,923915,0,0,0,0,0,0,0,0,0
2016,08,089,4,8,Otero County                  ,3,3,555000,0,0,0,0,0,0,0,0,0,3,3,555000,0,0,0,0,0,0,0,0,0
2016,08,091,4,8,Ouray County                  ,45,45,14708921,0,0,0,1,4,300000,0,0,0,17,17,3347000,0,0,0,1,4,300000,0,0,0
2016,08,093,4,8,Park County                   ,137,137,20265790,0,0,0,0,0,0,0,0,0,136,136,20060444,0,0,0,0,0,0,0,0,0
2016,08,095,4,8,Phillips County               ,1,1,225704,0,0,0,0,0,0,0,0,0,1,1,225704,0,0,0,0,0,0,0,0,0
2016,08,097,4,8,Pitkin County                 ,48,48,122368221,3,6,3746490,0,0,0,0,0,0,32,32,55865141,0,0,0,0,0,0,0,0,0
2016,08,099,4,8,Prowers County                ,6,6,1767934,0,0,0,0,0,0,0,0,0,1,1,310000,0,0,0,0,0,0,0,0,0
2016,08,101,4,8,Pueblo County                 ,265,265,45433035,2,4,504224,0,0,0,2,13,1837193,230,230,39312428,0,0,0,0,0,0,0,0,0
2016,08,103,4,8,Rio Blanco County             ,6,6,1251808,0,0,0,0,0,0,0,0,0,6,6,1251808,0,0,0,0,0,0,0,0,0
2016,08,105,4,8,Rio Grande County             ,5,5,1405664,0,0,0,0,0,0,0,0,0,5,5,1405664,0,0,0,0,0,0,0,0,0
2016,08,107,4,8,Routt County                  ,115,115,65829067,0,0,0,0,0,0,2,48,7890000,115,115,65829067,0,0,0,0,0,0,2,48,7890000
2016,08,109,4,8,Saguache County               ,54,54,3319000,0,0,0,0,0,0,0,0,0,54,54,3319000,0,0,0,0,0,0,0,0,0
2016,08,111,4,8,San Juan County               ,8,8,2558860,0,0,0,0,0,0,0,0,0,8,8,2558860,0,0,0,0,0,0,0,0,0
2016,08,113,4,8,San Miguel County             ,30,30,48964952,1,2,1000000,1,3,3394232,0,0,0,30,30,48964952,1,2,1000000,1,3,3394232,0,0,0
2016,08,115,4,8,Sedgwick County               ,3,3,350505,0,0,0,0,0,0,0,0,0,3,3,350505,0,0,0,0,0,0,0,0,0
2016,08,117,4,8,Summit County                 ,241,241,143106996,0,0,0,0,0,0,2,65,13516665,206,206,132881003,0,0,0,0,0,0,1,26,6800000
2016,08,119,4,8,Teller County                 ,84,84,26250049,0,0,0,0,0,0,2,48,5156336,84,84,26250049,0,0,0,0,0,0,2,48,5156336
2016,08,121,4,8,Washington County             ,6,6,1052600,0,0,0,0,0,0,0,0,0,1,1,223000,0,0,0,0,0,0,0,0,0
2016,08,123,4,8,Weld County                   ,2463,2463,604164305,11,22,3446417,13,41,7470593,45,483,50095131,1916,1916,459209968,10,20,2746947,9,29,3272153,35,425,40268481
2016,08,125,4,8,Yuma County                   ,3,3,468358,0,0,0,0,0,0,0,0,0,3,3,468358,0,0,0,0,0,0,0,0,0
