Survey,State,6-Digit,County,Census Place,FIPS Place,FIPS MCD,Pop,CSA,CBSA,Footnote,Central,Zip,Region,Division,Number of,Place,,1-unit,,,2-units,,,3-4 units,,,5+ units,,,1-unit rep,,,2-units rep,,,3-4 units rep,,,5+ units rep
Date,Code,ID,Code,Code,Code,Code,  ,Code,Code,Code,City,Code,Code,Code,Months Rep,Name,Bldgs,Units,Value,Bldgs,Units,Value,Bldgs,Units,Value,Bldgs,Units,Value,Bldgs,Units,Value,Bldgs,Units,Value,Bldgs,Units,Value,Bldgs,Units,Value
2023,08,001000,001,    ,99990 ,00000 ,97489 ,216,19740, , ,80601      ,4,8,12,Adams County Unincorporated Area,202,202,60089789,0,0,0,0,0,0,0,0,0,202,202,60089789,0,0,0,0,0,0,0,0,0
2023,08,003000,071,0005,00760 ,00000 ,479 ,999,99999, , ,81020      ,4,8,12,Aguilar town,0,0,0,0,0,0,0,0,0,0,0,0,0,0,0,0,0,0,0,0,0,0,0,0
2023,08,005000,121,0010,00925 ,00000 ,1682 ,999,99999, , ,80720      ,4,8,12,Akron town,2,2,1048810,0,0,0,0,0,0,0,0,0,2,2,1048810,0,0,0,0,0,0,0,0,0
2023,08,007000,003,0015,01090 ,00000 ,9367 ,999,99999, , ,81101      ,4,8,12,Alamosa,29,29,5410357,3,6,899246,0,0,0,0,0,0,29,29,5410357,3,6,899246,0,0,0,0,0,0
2023,08,009000,003,    ,99990 ,00000 ,6709 ,999,99999, , ,81101      ,4,8,0,Alamosa County Unincorporated Area,32,32,5736007,0,0,0,0,0,0,0,0,0,0,0,0,0,0,0,0,0,0,0,0,0
2023,08,011000,093,0020,01530 ,00000 ,329 ,216,19740, , ,80420      ,4,8,12,Alma town,2,2,720000,0,0,0,0,0,0,0,0,0,2,2,720000,0,0,0,0,0,0,0,0,0
2023,08,013000,021,0025,02355 ,00000 ,752 ,999,99999, , ,81120      ,4,8,0,Antonito town,0,0,0,0,0,0,0,0,0,0,0,0,0,0,0,0,0,0,0,0,0,0,0,0
2023,08,015000,005,    ,99990 ,00000 ,94719 ,216,19740, , ,80112      ,4,8,9,Arapahoe County Unincorporated Area,523,523,155432338,0,0,0,4,16,3135886,25,574,89415158,451,451,135278808,0,0,0,4,16,3135886,22,550,86149325
2023,08,017000,007,    ,99990 ,00000 ,12064 ,999,99999, , ,81147      ,4,8,12,Archuleta County Unincorporated Area,99,99,30999000,0,0,0,0,0,0,0,0,0,99,99,30999000,0,0,0,0,0,0,0,0,0
2023,08,023000,059,0040,03455 ,00000 ,118822 ,216,19740,2, ,80002      ,4,8,11,Arvada,410,410,121321010,0,0,0,0,0,0,0,0,0,382,382,113410163,0,0,0,0,0,0,0,0,0
2023,08,025000,097,0045,03620 ,00000 ,7657 ,999,99999, , ,81611      ,4,8,12,Aspen,14,14,66212097,1,2,412839,0,0,0,0,0,0,14,14,66212097,1,2,412839,0,0,0,0,0,0
2023,08,027000,123,0050,03950 ,00000 ,2126 ,216,24540, , ,80610      ,4,8,12,Ault town,1,1,312200,0,0,0,0,0,0,0,0,0,1,1,312200,0,0,0,0,0,0,0,0,0
2023,08,031000,005,0055,04000 ,00000 ,337361 ,216,19740,2,1,800121553  ,4,8,12,Aurora,1633,1633,346391861,0,0,0,0,0,0,61,2213,428777236,1633,1633,346391861,0,0,0,0,0,0,61,2213,428777236
2023,08,035000,037,0057,04110 ,00000 ,6952 ,999,99999, , ,816200975  ,4,8,12,Avon town,8,8,8610000,0,0,0,1,4,1200000,0,0,0,8,8,8610000,0,0,0,1,4,1200000,0,0,0
2023,08,039000,037,0060,04935 ,00000 ,3180 ,999,99999,2, ,81621      ,4,8,0,Basalt town,6,6,2158158,0,0,0,0,0,0,4,20,7428572,0,0,0,0,0,0,0,0,0,0,0,0
2023,08,043000,067,0065,05265 ,00000 ,2586 ,999,99999, , ,81122      ,4,8,12,Bayfield town,11,11,3893021,0,0,0,0,0,0,0,0,0,11,11,3893021,0,0,0,0,0,0,0,0,0
2023,08,045000,001,0075,06090 ,00000 ,2564 ,216,19740,2, ,801027806  ,4,8,12,Bennett town,147,147,41452565,0,0,0,0,0,0,0,0,0,147,147,41452565,0,0,0,0,0,0,0,0,0
2023,08,047000,011,    ,99990 ,00000 ,3228 ,999,99999, , ,81054      ,4,8,12,Bent County Unincorporated Area,3,3,428000,0,0,0,0,0,0,0,0,0,3,3,428000,0,0,0,0,0,0,0,0,0
2023,08,049000,069,0080,06255 ,00000 ,10668 ,999,22660,2, ,80513      ,4,8,12,Berthoud town,221,221,82660824,0,0,0,0,0,0,0,0,0,221,221,82660824,0,0,0,0,0,0,0,0,0
2023,08,051000,063,0085,06530 ,00000 ,235 ,999,99999, , ,80805      ,4,8,12,Bethune town,0,0,0,0,0,0,0,0,0,0,0,0,0,0,0,0,0,0,0,0,0,0,0,0
2023,08,053000,047,0090,07025 ,00000 ,131 ,216,19740, , ,80422      ,4,8,12,Black Hawk,0,0,0,0,0,0,0,0,0,0,0,0,0,0,0,0,0,0,0,0,0,0,0,0
2023,08,055000,023,0095,07190 ,00000 ,407 ,999,99999, , ,81123      ,4,8,12,Blanca town,0,0,0,0,0,0,0,0,0,0,0,0,0,0,0,0,0,0,0,0,0,0,0,0
2023,08,057000,117,0097,07410 ,00000 ,928 ,999,99999, , ,80424      ,4,8,12,Blue River town,3,3,3256140,0,0,0,0,0,0,0,0,0,3,3,3256140,0,0,0,0,0,0,0,0,0
2023,08,063000,013,0110,07850 ,00000 ,107645 ,216,14500, ,1,803060791  ,4,8,0,Boulder,30,30,33853096,0,0,0,2,6,1630368,13,219,58750167,0,0,0,0,0,0,0,0,0,0,0,0
2023,08,065000,013,    ,99990 ,00000 ,43885 ,216,14500,2, ,80306      ,4,8,12,Boulder County Unincorporated Area,94,94,109012580,0,0,0,0,0,0,0,0,0,94,94,109012580,0,0,0,0,0,0,0,0,0
2023,08,067000,005,0115,08070 ,00000 ,667 ,216,19740,2, ,801231586  ,4,8,12,Bow Mar town,3,3,5972649,0,0,0,0,0,0,0,0,0,3,3,5972649,0,0,0,0,0,0,0,0,0
2023,08,073000,117,0125,08400 ,00000 ,4954 ,999,99999, , ,80424      ,4,8,12,Breckenridge town,35,35,43364821,0,0,0,0,0,0,0,0,0,35,35,43364821,0,0,0,0,0,0,0,0,0
2023,08,075000,001,0130,08675 ,00000 ,39123 ,216,19740,2, ,80601      ,4,8,12,Brighton,398,398,126506168,0,0,0,0,0,0,0,0,0,398,398,126506168,0,0,0,0,0,0,0,0,0
2023,08,079000,043,0140,09115 ,00000 ,261 ,999,99999, , ,81212      ,4,8,12,Brookside town,0,0,0,0,0,0,0,0,0,0,0,0,0,0,0,0,0,0,0,0,0,0,0,0
2023,08,083000,014,0143,09280 ,00000 ,72236 ,216,19740,2,1,80020      ,4,8,12,Broomfield,119,119,34982651,0,0,0,11,39,9221965,52,1119,220883978,119,119,34982651,0,0,0,11,39,9221965,52,1119,220883978
2023,08,089000,087,0150,09555 ,00000 ,5438 ,999,99999, , ,80723      ,4,8,0,Brush,2,2,263804,0,0,0,2,6,1102500,0,0,0,0,0,0,0,0,0,0,0,0,0,0,0
2023,08,093000,063,0160,10600 ,00000 ,3126 ,999,99999, , ,80807      ,4,8,12,Burlington,0,0,0,0,0,0,0,0,0,0,0,0,0,0,0,0,0,0,0,0,0,0,0,0
2023,08,095000,041,0165,11260 ,00000 ,827 ,999,17820, , ,808088203  ,4,8,12,Calhan town,1,1,295000,0,0,0,0,0,0,0,0,0,1,1,295000,0,0,0,0,0,0,0,0,0
2023,08,099000,043,0610,11810 ,00000 ,16536 ,999,99999, , ,812151460  ,4,8,12,Canon City,14,14,5711407,0,0,0,0,0,0,1,10,412965,14,14,5711407,0,0,0,0,0,0,1,10,412965
2023,08,101000,045,0180,12045 ,00000 ,6729 ,999,99999, , ,81623      ,4,8,12,Carbondale town,10,10,9046778,0,0,0,0,0,0,0,0,0,10,10,9046778,0,0,0,0,0,0,0,0,0
2023,08,102900,035,0186,12387 ,00000 ,11664 ,216,19740, , ,80108      ,4,8,12,Castle Pines,152,152,45144275,0,0,0,0,0,0,0,0,0,152,152,45144275,0,0,0,0,0,0,0,0,0
2023,08,103000,035,0188,12415 ,00000 ,70567 ,216,19740, , ,80104      ,4,8,12,Castle Rock town,407,407,212844865,0,0,0,1,4,874691,7,279,43858019,407,407,212844865,0,0,0,1,4,874691,7,279,43858019
2023,08,105000,029,0190,12635 ,00000 ,2313 ,999,99999, , ,81413      ,4,8,1,Cedaredge town,11,11,2426982,0,0,0,0,0,0,0,0,0,0,0,0,0,0,0,0,0,0,0,0,0
2023,08,106000,005,0193,12815 ,00000 ,110156 ,216,19740, ,1,80112      ,4,8,0,Centennial,4,4,5391429,0,0,0,0,0,0,0,0,0,0,0,0,0,0,0,0,0,0,0,0,0
2023,08,109000,109,0195,12855 ,00000 ,2188 ,999,99999,2, ,81125      ,4,8,12,Center town,0,0,0,0,0,0,0,0,0,0,0,0,0,0,0,0,0,0,0,0,0,0,0,0
2023,08,111000,047,0200,12900 ,00000 ,730 ,216,19740,2, ,80427      ,4,8,12,Central,5,5,1975000,0,0,0,0,0,0,0,0,0,5,5,1975000,0,0,0,0,0,0,0,0,0
2023,08,113000,015,    ,00000 ,00000 ,10721 ,999,99999, , ,81201      ,4,8,12,Chaffee County,283,283,99993770,1,2,703399,0,0,0,0,0,0,283,283,99993770,1,2,703399,0,0,0,0,0,0
2023,08,117000,005,0210,13845 ,00000 ,6620 ,216,19740, , ,80113      ,4,8,12,Cherry Hills Village,14,14,51415666,0,0,0,0,0,0,0,0,0,14,14,51415666,0,0,0,0,0,0,0,0,0
2023,08,119000,017,    ,99990 ,00000 ,751 ,999,99999, , ,808100567  ,4,8,12,Cheyenne County Unincorporated Area,0,0,0,0,0,0,0,0,0,0,0,0,0,0,0,0,0,0,0,0,0,0,0,0
2023,08,121000,017,0215,14175 ,00000 ,815 ,999,99999, , ,80810      ,4,8,0,Cheyenne Wells town,0,0,0,0,0,0,0,0,0,0,0,0,0,0,0,0,0,0,0,0,0,0,0,0
2023,08,123000,019,    ,99990 ,00000 ,6150 ,216,19740,2, ,80444      ,4,8,12,Clear Creek County Unincorporated Area,17,17,4709002,0,0,0,0,0,0,0,0,0,17,17,4709002,0,0,0,0,0,0,0,0,0
2023,08,125000,043,0225,15330 ,00000 ,350 ,999,99999, , ,81221      ,4,8,12,Coal Creek town,0,0,0,0,0,0,0,0,0,0,0,0,0,0,0,0,0,0,0,0,0,0,0,0
2023,08,133000,005,0244,16385 ,00000 ,1508 ,216,19740, , ,80123      ,4,8,12,Columbine Valley town,0,0,0,0,0,0,0,0,0,0,0,0,0,0,0,0,0,0,0,0,0,0,0,0
2023,08,135000,001,0245,16495 ,00000 ,59317 ,216,19740, ,1,80022      ,4,8,12,Commerce City,611,611,192684755,19,38,10341362,0,0,0,18,220,58011390,611,611,192684755,19,38,10341362,0,0,0,18,220,58011390
2023,08,137000,021,    ,99990 ,00000 ,4250 ,999,99999, , ,81129      ,4,8,12,Conejos County Unincorporated Area,38,38,14336066,0,0,0,0,0,0,0,0,0,38,38,14336066,0,0,0,0,0,0,0,0,0
2023,08,139000,083,0250,17375 ,00000 ,8734 ,999,99999, , ,81321      ,4,8,0,Cortez,16,16,4057284,0,0,0,0,0,0,0,0,0,0,0,0,0,0,0,0,0,0,0,0,0
2023,08,141000,023,    ,99990 ,00000 ,2822 ,999,99999, , ,81152      ,4,8,0,Costilla County Unincorporated Area,0,0,0,0,0,0,0,0,0,0,0,0,0,0,0,0,0,0,0,0,0,0,0,0
2023,08,143000,081,0255,17760 ,00000 ,8953 ,999,99999, , ,81625      ,4,8,12,Craig,5,5,1195000,0,0,0,0,0,0,0,0,0,5,5,1195000,0,0,0,0,0,0,0,0,0
2023,08,145000,029,0260,17925 ,00000 ,429 ,999,99999, , ,81415      ,4,8,12,Crawford town,0,0,0,0,0,0,0,0,0,0,0,0,0,0,0,0,0,0,0,0,0,0,0,0
2023,08,147000,079,0796,14765 ,00000 ,315 ,999,99999, , ,81130      ,4,8,12,City of Creede town,1,1,720767,1,2,194894,0,0,0,0,0,0,1,1,720767,1,2,194894,0,0,0,0,0,0
2023,08,149000,051,0270,18310 ,00000 ,1682 ,999,99999, , ,81224      ,4,8,12,Crested Butte town,6,6,7000000,0,0,0,0,0,0,0,0,0,6,6,7000000,0,0,0,0,0,0,0,0,0
2023,08,150000,109,0275,18420 ,00000 ,138 ,999,99999, , ,81131      ,4,8,12,Crestone town,2,2,103200,0,0,0,0,0,0,0,0,0,2,2,103200,0,0,0,0,0,0,0,0,0
2023,08,151000,119,0280,18530 ,00000 ,1266 ,999,17820, , ,80813      ,4,8,12,Cripple Creek,5,5,1825000,1,2,360000,0,0,0,0,0,0,5,5,1825000,1,2,360000,0,0,0,0,0,0
2023,08,153000,075,0285,18640 ,00000 ,110 ,999,99999, , ,80726      ,4,8,12,Crook town,0,0,0,0,0,0,0,0,0,0,0,0,0,0,0,0,0,0,0,0,0,0,0,0
2023,08,155000,025,    ,99990 ,00000 ,3948 ,999,99999, , ,81063      ,4,8,12,Crowley County Unincorporated Area,1,1,345000,0,0,0,0,0,0,0,0,0,1,1,345000,0,0,0,0,0,0,0,0,0
2023,08,157000,025,0290,18750 ,00000 ,166 ,999,99999, , ,810330036  ,4,8,12,Crowley town,0,0,0,0,0,0,0,0,0,0,0,0,0,0,0,0,0,0,0,0,0,0,0,0
2023,08,159000,027,    ,99990 ,00000 ,3750 ,999,99999, , ,81252      ,4,8,0,Custer County Unincorporated Area,94,94,29714788,0,0,0,0,0,0,0,0,0,0,0,0,0,0,0,0,0,0,0,0,0
2023,08,161000,123,0295,19080 ,00000 ,6572 ,216,24540, , ,805140186  ,4,8,12,Dacono,41,41,16407617,0,0,0,0,0,0,0,0,0,41,41,16407617,0,0,0,0,0,0,0,0,0
2023,08,165000,005,0305,19630 ,00000 ,856 ,216,19740, , ,80105      ,4,8,2,Deer Trail town,46,46,8227051,0,0,0,0,0,0,0,0,0,0,0,0,0,0,0,0,0,0,0,0,0
2023,08,169000,029,0315,19850 ,00000 ,9030 ,999,99999, , ,81416      ,4,8,12,Delta,17,17,3453600,1,2,182000,0,0,0,0,0,0,17,17,3453600,1,2,182000,0,0,0,0,0,0
2023,08,173000,031,0320,20000 ,00000 ,735538 ,216,19740,2,1,80202      ,4,8,12,Denver,1174,1174,347337091,1,2,600000,0,0,0,65,4549,725554555,1174,1174,347337091,1,2,600000,0,0,0,65,4549,725554555
2023,08,177000,081,0332,20495 ,00000 ,334 ,999,99999, , ,816100238  ,4,8,12,Dinosaur town,0,0,0,0,0,0,0,0,0,0,0,0,0,0,0,0,0,0,0,0,0,0,0,0
2023,08,181000,083,0335,20770 ,00000 ,964 ,999,99999, , ,81323      ,4,8,12,Dolores town,0,0,0,2,4,899780,0,0,0,0,0,0,0,0,0,2,4,899780,0,0,0,0,0,0
2023,08,183000,035,    ,99990 ,00000 ,203901 ,216,19740,2, ,80104      ,4,8,12,Douglas County Unincorporated Area,842,842,276536643,18,36,5923438,9,32,5546929,14,390,55749361,842,842,276536643,18,36,5923438,9,32,5546929,14,390,55749361
2023,08,187000,067,0350,22035 ,00000 ,19690 ,999,99999, , ,81301      ,4,8,12,Durango,23,23,4932782,8,16,2272555,2,7,1169784,4,150,20785274,23,23,4932782,8,16,2272555,2,7,1169784,4,150,20785274
2023,08,189000,061,0355,22145 ,00000 ,632 ,999,99999, , ,81036      ,4,8,12,Eads town,0,0,0,0,0,0,0,0,0,0,0,0,0,0,0,0,0,0,0,0,0,0,0,0
2023,08,191000,037,    ,99990 ,00000 ,23646 ,999,99999, , ,81631      ,4,8,12,Eagle County Unincorporated Area,38,38,70723443,0,0,0,0,0,0,1,6,2400000,38,38,70723443,0,0,0,0,0,0,1,6,2400000
2023,08,193000,037,0360,22200 ,00000 ,6911 ,999,99999, , ,81631      ,4,8,12,Eagle town,24,24,14802242,0,0,0,0,0,0,12,286,66053584,24,24,14802242,0,0,0,0,0,0,12,286,66053584
2023,08,195000,123,0370,22860 ,00000 ,6000 ,216,24540, , ,80615      ,4,8,12,Eaton town,0,0,0,0,0,0,0,0,0,0,0,0,0,0,0,0,0,0,0,0,0,0,0,0
2023,08,197000,125,0375,23025 ,00000 ,260 ,999,99999, , ,807270217  ,4,8,12,Eckley town,0,0,0,0,0,0,0,0,0,0,0,0,0,0,0,0,0,0,0,0,0,0,0,0
2023,08,199000,059,0380,23135 ,00000 ,5393 ,216,19740, , ,80214      ,4,8,12,Edgewater,4,4,2253468,1,2,624000,0,0,0,0,0,0,4,4,2253468,1,2,624000,0,0,0,0,0,0
2023,08,201000,041,    ,99990 ,00000 ,196856 ,999,17820,2, ,80910      ,4,8,12,El Paso County Unincorporated Area,2543,2543,1168625901,120,240,38596331,2,6,1009374,63,2293,457091248,2543,2543,1168625901,120,240,38596331,2,6,1009374,63,2293,457091248
2023,08,203000,039,    ,99990 ,00000 ,23930 ,216,19740, , ,80117      ,4,8,12,Elbert County Unincorporated Area,226,226,102561602,0,0,0,0,0,0,0,0,0,226,226,102561602,0,0,0,0,0,0,0,0,0
2023,08,205000,039,0385,23740 ,00000 ,1867 ,216,19740, , ,80107      ,4,8,12,Elizabeth town,123,123,30125056,0,0,0,0,0,0,0,0,0,123,123,30125056,0,0,0,0,0,0,0,0,0
2023,08,209000,005,0395,24785 ,00000 ,35099 ,216,19740, , ,80110      ,4,8,12,Englewood,61,61,21535518,0,0,0,0,0,0,1,241,62840080,61,61,21535518,0,0,0,0,0,0,1,241,62840080
2023,08,213000,123,0400,24950 ,00000 ,17559 ,216,24540,2, ,805160750  ,4,8,8,Erie town,679,679,249727469,13,26,4597634,2,6,914184,4,61,8951711,491,491,198885422,8,16,2851055,0,0,0,0,0,0
2023,08,215000,069,0405,25115 ,00000 ,6553 ,999,22660, , ,80517      ,4,8,12,Estes Park town,19,19,8723840,0,0,0,0,0,0,0,0,0,19,19,8723840,0,0,0,0,0,0,0,0,0
2023,08,217000,123,0415,25280 ,00000 ,23183 ,216,24540, , ,80620      ,4,8,6,Evans,19,19,5380234,0,0,0,0,0,0,0,0,0,10,10,2998267,0,0,0,0,0,0,0,0,0
2023,08,219000,093,0425,25610 ,00000 ,803 ,216,19740, , ,804400267  ,4,8,12,Fairplay town,6,6,2218000,0,0,0,0,0,0,0,0,0,6,6,2218000,0,0,0,0,0,0,0,0,0
2023,08,221000,001,0430,26270 ,00000 ,13598 ,216,19740, , ,80221      ,4,8,12,Federal Heights,0,0,0,0,0,0,0,0,0,0,0,0,0,0,0,0,0,0,0,0,0,0,0,0
2023,08,223000,123,0435,26600 ,00000 ,15298 ,216,24540, , ,80504      ,4,8,12,Firestone town,86,86,43374584,0,0,0,2,6,1077221,6,192,32565783,86,86,43374584,0,0,0,2,6,1077221,6,192,32565783
2023,08,225000,063,0440,26765 ,00000 ,567 ,999,99999, , ,80815      ,4,8,12,Flagler town,2,2,763984,0,0,0,0,0,0,0,0,0,2,2,763984,0,0,0,0,0,0,0,0,0
2023,08,227000,075,0445,26875 ,00000 ,405 ,999,99999, , ,80728      ,4,8,12,Fleming town,0,0,0,0,0,0,0,0,0,0,0,0,0,0,0,0,0,0,0,0,0,0,0,0
2023,08,229000,043,0450,27040 ,00000 ,3982 ,999,99999, , ,81226      ,4,8,12,Florence,14,14,3449544,0,0,0,0,0,0,0,0,0,14,14,3449544,0,0,0,0,0,0,0,0,0
2023,08,231000,069,0455,27425 ,00000 ,168234 ,999,22660, ,1,80524      ,4,8,12,Fort Collins,372,372,101315783,0,0,0,3,12,2478912,24,619,85808323,372,372,101315783,0,0,0,3,12,2478912,24,619,85808323
2023,08,233000,123,0465,27700 ,00000 ,8666 ,216,24540, , ,806211343  ,4,8,12,Fort Lupton,259,259,60009377,0,0,0,0,0,0,0,0,0,259,259,60009377,0,0,0,0,0,0,0,0,0
2023,08,235000,087,0470,27810 ,00000 ,11249 ,999,99999, , ,80701      ,4,8,12,Fort Morgan,17,17,4119666,0,0,0,12,48,3792243,0,0,0,17,17,4119666,0,0,0,12,48,3792243,0,0,0
2023,08,239000,089,0480,27975 ,00000 ,1149 ,999,99999, , ,810391134  ,4,8,12,Fowler town,0,0,0,0,0,0,0,0,0,0,0,0,0,0,0,0,0,0,0,0,0,0,0,0
2023,08,240000,005,0483,28105 ,00000 ,771 ,216,19740, , ,80108      ,4,8,11,Foxfield town,2,2,600750,0,0,0,0,0,0,0,0,0,2,2,600750,0,0,0,0,0,0,0,0,0
2023,08,243000,123,0490,28360 ,00000 ,11515 ,216,24540, , ,805300435  ,4,8,12,Frederick town,76,76,24009331,10,20,4050819,0,0,0,0,0,0,76,76,24009331,10,20,4050819,0,0,0,0,0,0
2023,08,245000,043,    ,99990 ,00000 ,25552 ,999,99999, , ,81212      ,4,8,12,Fremont County Unincorporated Area,77,77,16490010,0,0,0,0,0,0,0,0,0,77,77,16490010,0,0,0,0,0,0,0,0,0
2023,08,247000,117,0500,28690 ,00000 ,2874 ,999,99999, , ,80443      ,4,8,12,Frisco town,16,16,17116417,0,0,0,0,0,0,3,66,34700000,16,16,17116417,0,0,0,0,0,0,3,66,34700000
2023,08,249000,077,0505,28745 ,00000 ,14295 ,999,24300,2, ,81521      ,4,8,12,Fruita,59,59,8902739,0,0,0,0,0,0,11,74,8877460,59,59,8902739,0,0,0,0,0,0,11,74,8877460
2023,08,251000,123,0510,29185 ,00000 ,279 ,216,24540, , ,806318466  ,4,8,12,Garden City town,0,0,0,0,0,0,0,0,0,0,0,0,0,0,0,0,0,0,0,0,0,0,0,0
2023,08,253000,045,    ,99990 ,00000 ,24455 ,999,99999, , ,81601      ,4,8,12,Garfield County Unincorporated Area,73,73,18212464,0,0,0,0,0,0,0,0,0,73,73,18212464,0,0,0,0,0,0,0,0,0
2023,08,257000,019,0520,29735 ,00000 ,1102 ,216,19740, , ,804440426  ,4,8,12,Georgetown town,4,4,2400000,0,0,0,0,0,0,0,0,0,4,4,2400000,0,0,0,0,0,0,0,0,0
2023,08,259000,123,0525,29955 ,00000 ,1169 ,216,24540, , ,806230128  ,4,8,12,Gilcrest town,4,4,919720,0,0,0,0,0,0,0,0,0,4,4,919720,0,0,0,0,0,0,0,0,0
2023,08,261000,047,    ,99990 ,00000 ,5374 ,216,19740, , ,80427      ,4,8,12,Gilpin County Unincorporated Area,26,26,7510565,0,0,0,0,0,0,0,0,0,26,26,7510565,0,0,0,0,0,0,0,0,0
2023,08,263000,005,0530,30340 ,00000 ,5102 ,216,19740, , ,80246      ,4,8,12,Glendale,0,0,0,0,0,0,0,0,0,0,0,0,0,0,0,0,0,0,0,0,0,0,0,0
2023,08,265000,045,0535,30780 ,00000 ,10222 ,999,99999, , ,81601      ,4,8,12,Glenwood Springs,1,1,750000,0,0,0,0,0,0,3,24,3032273,1,1,750000,0,0,0,0,0,0,3,24,3032273
2023,08,267000,059,0540,30835 ,00000 ,20347 ,216,19740, , ,80401      ,4,8,12,Golden,5,5,3150000,0,0,0,0,0,0,0,0,0,5,5,3150000,0,0,0,0,0,0,0,0,0
2023,08,269000,099,0545,31550 ,00000 ,509 ,999,99999, , ,81041      ,4,8,0,Granada town,0,0,0,0,0,0,0,0,0,0,0,0,0,0,0,0,0,0,0,0,0,0,0,0
2023,08,273000,049,    ,99990 ,00000 ,8489 ,999,99999,2, ,80451      ,4,8,12,Grand County Unincorporated Area,133,133,49629696,0,0,0,1,4,797020,0,0,0,133,133,49629696,0,0,0,1,4,797020,0,0,0
2023,08,279000,123,0570,32155 ,00000 ,108958 ,216,24540, ,1,80631      ,4,8,12,Greeley,154,154,61099586,1,2,304590,8,31,8696400,19,495,78175253,154,154,61099586,1,2,304590,8,31,8696400,19,495,78175253
2023,08,285000,005,0580,33035 ,00000 ,14907 ,216,19740, , ,80111      ,4,8,12,Greenwood Village,3,3,6458000,0,0,0,0,0,0,0,0,0,3,3,6458000,0,0,0,0,0,0,0,0,0
2023,08,287000,123,0585,33310 ,00000 ,161 ,216,24540, , ,80729      ,4,8,12,Grover town,0,0,0,0,0,0,0,0,0,0,0,0,0,0,0,0,0,0,0,0,0,0,0,0
2023,08,289000,051,0590,33640 ,00000 ,6840 ,999,99999, , ,81230      ,4,8,12,Gunnison,26,26,7202225,0,0,0,1,3,546777,0,0,0,26,26,7202225,0,0,0,1,3,546777,0,0,0
2023,08,291000,051,    ,99990 ,00000 ,7968 ,999,99999, , ,81230      ,4,8,12,Gunnison County Unincorporated Area,60,60,76689782,1,2,1013118,0,0,0,0,0,0,60,60,76689782,1,2,1013118,0,0,0,0,0,0
2023,08,293000,037,0595,33695 ,00000 ,7304 ,999,99999, , ,81637      ,4,8,12,Gypsum town,27,27,10664813,0,0,0,0,0,0,0,0,0,27,27,10664813,0,0,0,0,0,0,0,0,0
2023,08,299000,095,0610,34960 ,00000 ,937 ,999,99999, , ,80731      ,4,8,12,Haxtun town,0,0,0,0,0,0,0,0,0,0,0,0,0,0,0,0,0,0,0,0,0,0,0,0
2023,08,303000,087,0620,36610 ,00000 ,258 ,999,99999, , ,80733      ,4,8,12,Hillrose town,0,0,0,0,0,0,0,0,0,0,0,0,0,0,0,0,0,0,0,0,0,0,0,0
2023,08,305000,053,    ,00000 ,00000 ,420 ,999,99999, , ,81235      ,4,8,0,Hinsdale County,13,13,5478525,0,0,0,0,0,0,0,0,0,0,0,0,0,0,0,0,0,0,0,0,0
2023,08,307000,099,0625,37215 ,00000 ,775 ,999,99999, , ,810470458  ,4,8,12,Holly town,0,0,0,0,0,0,0,0,0,0,0,0,0,0,0,0,0,0,0,0,0,0,0,0
2023,08,309000,095,0630,37270 ,00000 ,2239 ,999,99999, , ,80734      ,4,8,12,Holyoke,0,0,0,1,2,160000,0,0,0,0,0,0,0,0,0,1,2,160000,0,0,0,0,0,0
2023,08,311000,003,0635,37380 ,00000 ,104 ,999,99999, , ,811360001  ,4,8,12,Hooper town,0,0,0,0,0,0,0,0,0,0,0,0,0,0,0,0,0,0,0,0,0,0,0,0
2023,08,315000,029,0640,37545 ,00000 ,928 ,999,99999, , ,81419      ,4,8,0,Hotchkiss town,6,6,1059348,0,0,0,0,0,0,0,0,0,0,0,0,0,0,0,0,0,0,0,0,0
2023,08,317000,123,0650,37820 ,00000 ,2768 ,216,24540, , ,80642      ,4,8,0,Hudson town,0,0,0,0,0,0,0,0,0,0,0,0,0,0,0,0,0,0,0,0,0,0,0,0
2023,08,319000,055,    ,99990 ,00000 ,3071 ,999,99999, , ,81089      ,4,8,10,Huerfano County Unincorporated Area,44,44,9339186,0,0,0,0,0,0,0,0,0,39,39,8425961,0,0,0,0,0,0,0,0,0
2023,08,321000,073,0655,37875 ,00000 ,782 ,999,99999, , ,80821      ,4,8,10,Hugo town,0,0,0,0,0,0,0,0,0,0,0,0,0,0,0,0,0,0,0,0,0,0,0,0
2023,08,323000,019,0660,38370 ,00000 ,1857 ,216,19740, , ,80452      ,4,8,12,Idaho Springs,0,0,0,2,4,924000,0,0,0,0,0,0,0,0,0,2,4,924000,0,0,0,0,0,0
2023,08,325000,067,0665,38535 ,00000 ,963 ,999,99999, , ,81137      ,4,8,12,Ignacio town,5,5,1909959,0,0,0,0,0,0,0,0,0,5,5,1909959,0,0,0,0,0,0,0,0,0
2023,08,327000,075,0670,38590 ,00000 ,272 ,999,99999, , ,807360194  ,4,8,12,Iliff town,1,1,381992,0,0,0,0,0,0,0,0,0,1,1,381992,0,0,0,0,0,0,0,0,0
2023,08,329000,057,    ,99990 ,00000 ,780 ,999,99999, , ,804801019  ,4,8,12,Jackson County Unincorporated Area,3,3,1351000,0,0,0,0,0,0,0,0,0,3,3,1351000,0,0,0,0,0,0,0,0,0
2023,08,333000,059,    ,99990 ,00000 ,200180 ,216,19740, , ,804193540  ,4,8,12,Jefferson County Unincorporated Area,401,401,180991729,8,16,5713513,1,4,330513,1,88,16551966,401,401,180991729,8,16,5713513,1,4,330513,1,88,16551966
2023,08,335000,123,0690,39855 ,00000 ,11982 ,216,24540,2, ,805340609  ,4,8,11,Johnstown town,347,347,115658284,4,8,1916554,11,41,7290678,8,44,8821693,319,319,106669961,4,8,1916554,10,38,6786901,8,44,8821693
2023,08,337000,115,0695,39965 ,00000 ,1161 ,999,99999, , ,80737      ,4,8,12,Julesburg town,3,3,685000,0,0,0,0,0,0,0,0,0,3,3,685000,0,0,0,0,0,0,0,0,0
2023,08,339000,123,0700,40185 ,00000 ,1302 ,216,24540, , ,80643      ,4,8,12,Keenesburg town,0,0,0,0,0,0,0,0,0,0,0,0,0,0,0,0,0,0,0,0,0,0,0,0
2023,08,341000,123,0710,40515 ,00000 ,1798 ,216,24540, , ,80644      ,4,8,12,Kersey town,0,0,0,0,0,0,0,0,0,0,0,0,0,0,0,0,0,0,0,0,0,0,0,0
2023,08,345000,061,    ,99990 ,00000 ,664 ,999,99999, , ,81036      ,4,8,0,Kiowa County Unincorporated Area,4,4,682400,0,0,0,0,0,0,0,0,0,0,0,0,0,0,0,0,0,0,0,0,0
2023,08,347000,039,0715,40790 ,00000 ,826 ,216,19740, , ,80117      ,4,8,0,Kiowa town,0,0,0,0,0,0,0,0,0,0,0,0,0,0,0,0,0,0,0,0,0,0,0,0
2023,08,349000,063,    ,99990 ,00000 ,2233 ,999,99999, , ,808070249  ,4,8,12,Kit Carson County Unincorporated Area,3,3,1145975,0,0,0,0,0,0,0,0,0,3,3,1145975,0,0,0,0,0,0,0,0,0
2023,08,351000,017,0720,41010 ,00000 ,229 ,999,99999, , ,80825      ,4,8,0,Kit Carson town,0,0,0,0,0,0,0,0,0,0,0,0,0,0,0,0,0,0,0,0,0,0,0,0
2023,08,355000,021,0740,42055 ,00000 ,805 ,999,99999, , ,81140      ,4,8,12,La Jara town,0,0,0,0,0,0,0,0,0,0,0,0,0,0,0,0,0,0,0,0,0,0,0,0
2023,08,357000,089,0745,42110 ,00000 ,6854 ,999,99999, , ,81050      ,4,8,12,La Junta,6,6,1300550,0,0,0,0,0,0,0,0,0,6,6,1300550,0,0,0,0,0,0,0,0,0
2023,08,359000,067,    ,99990 ,00000 ,33325 ,999,99999, , ,81301      ,4,8,12,La Plata County Unincorporated Area,145,145,101307787,0,0,0,0,0,0,0,0,0,145,145,101307787,0,0,0,0,0,0,0,0,0
2023,08,361000,123,0775,43605 ,00000 ,2466 ,216,24540, , ,80645      ,4,8,12,La Salle town,0,0,0,0,0,0,0,0,0,0,0,0,0,0,0,0,0,0,0,0,0,0,0,0
2023,08,363000,055,0785,44100 ,00000 ,809 ,999,99999, , ,81055      ,4,8,12,La Veta town,3,3,2825000,0,0,0,0,0,0,0,0,0,3,3,2825000,0,0,0,0,0,0,0,0,0
2023,08,365000,013,0735,41835 ,00000 ,28579 ,216,14500, , ,80026      ,4,8,12,Lafayette,35,35,9784831,2,4,1057484,5,19,3879426,2,12,2438602,35,35,9784831,2,4,1057484,5,19,3879426,2,12,2438602
2023,08,369000,065,    ,99990 ,00000 ,5214 ,999,99999, , ,80461      ,4,8,0,Lake County,49,49,10467919,0,0,0,1,3,170000,0,0,0,0,0,0,0,0,0,0,0,0,0,0,0
2023,08,373000,059,0760,43000 ,00000 ,157429 ,216,19740, ,1,80226      ,4,8,12,Lakewood,102,102,35174030,0,0,0,5,17,3415363,5,34,6429363,102,102,35174030,0,0,0,5,17,3415363,5,34,6429363
2023,08,375000,099,0765,43110 ,00000 ,7641 ,999,99999, , ,81052      ,4,8,12,Lamar,2,2,193000,0,0,0,0,0,0,0,0,0,2,2,193000,0,0,0,0,0,0,0,0,0
2023,08,377000,069,    ,99990 ,00000 ,70438 ,999,22660, , ,805221190  ,4,8,12,Larimer County Unincorporated Area,69,69,27388703,0,0,0,0,0,0,0,0,0,69,69,27388703,0,0,0,0,0,0,0,0,0
2023,08,381000,011,0780,43660 ,00000 ,2128 ,999,99999, , ,81054      ,4,8,12,Las Animas,0,0,0,0,0,0,0,0,0,0,0,0,0,0,0,0,0,0,0,0,0,0,0,0
2023,08,383000,071,    ,99990 ,00000 ,5496 ,999,99999,2, ,81082      ,4,8,0,Las Animas County Unincorporated Area,32,32,4605760,0,0,0,0,0,0,0,0,0,0,0,0,0,0,0,0,0,0,0,0,0
2023,08,387000,073,0800,44980 ,00000 ,1945 ,999,99999, , ,80828      ,4,8,0,Limon town,3,3,694639,0,0,0,0,0,0,0,0,0,0,0,0,0,0,0,0,0,0,0,0,0
2023,08,389000,073,    ,99990 ,00000 ,2600 ,999,99999, , ,80821      ,4,8,0,Lincoln County Unincorporated Area,5,5,406250,0,0,0,0,0,0,0,0,0,0,0,0,0,0,0,0,0,0,0,0,0
2023,08,391000,005,0810,45255 ,00000 ,43206 ,216,19740,2, ,80120      ,4,8,12,Littleton,3,3,1515459,0,0,0,0,0,0,0,0,0,3,3,1515459,0,0,0,0,0,0,0,0,0
2023,08,395000,123,0813,45530 ,00000 ,7883 ,216,24540,2, ,80603      ,4,8,12,Lochbuie town,157,157,50878629,0,0,0,0,0,0,0,0,0,157,157,50878629,0,0,0,0,0,0,0,0,0
2023,08,397000,087,0815,45695 ,00000 ,848 ,999,99999, , ,807054858  ,4,8,12,Log Lane Village town,7,7,2673943,0,0,0,0,0,0,0,0,0,7,7,2673943,0,0,0,0,0,0,0,0,0
2023,08,399000,075,    ,99990 ,00000 ,6591 ,999,99999, , ,80751      ,4,8,12,Logan County Unincorporated Area,7,7,2568850,0,0,0,0,0,0,0,0,0,7,7,2568850,0,0,0,0,0,0,0,0,0
2023,08,399500,035,0817,45955 ,00000 ,13614 ,216,19740, , ,80124      ,4,8,12,Lone Tree,13,13,4328154,2,4,754324,0,0,0,1,209,56430000,13,13,4328154,2,4,754324,0,0,0,1,209,56430000
2023,08,401000,013,0820,45970 ,00000 ,97793 ,216,14500,2, ,80501      ,4,8,12,Longmont,303,303,109782249,1,2,600000,0,0,0,29,531,89066473,303,303,109782249,1,2,600000,0,0,0,29,531,89066473
2023,08,403000,013,0825,46355 ,00000 ,19060 ,216,14500, , ,80027      ,4,8,12,Louisville,233,233,204899005,0,0,0,0,0,0,0,0,0,233,233,204899005,0,0,0,0,0,0,0,0,0
2023,08,405000,069,2640,46465 ,00000 ,83517 ,999,22660, , ,80537      ,4,8,11,Loveland,211,211,77993443,6,12,3368272,4,15,4289384,39,731,119714702,182,182,67907429,5,10,2790209,3,12,3332347,35,689,113053792
2023,08,407000,013,0835,47070 ,00000 ,2058 ,216,14500, , ,80540      ,4,8,12,Lyons town,0,0,0,0,0,0,2,8,1143502,0,0,0,0,0,0,0,0,0,2,8,1143502,0,0,0
2023,08,411000,083,0845,48115 ,00000 ,1398 ,999,99999, , ,81328      ,4,8,12,Mancos town,5,5,1800000,0,0,0,0,0,0,0,0,0,5,5,1800000,0,0,0,0,0,0,0,0,0
2023,08,415000,089,0855,48500 ,00000 ,410 ,999,99999, , ,81068      ,4,8,12,Manzanola town,0,0,0,0,0,0,0,0,0,0,0,0,0,0,0,0,0,0,0,0,0,0,0,0
2023,08,417000,051,0860,48555 ,00000 ,140 ,999,99999, , ,81623      ,4,8,0,Marble town,0,0,0,0,0,0,0,0,0,0,0,0,0,0,0,0,0,0,0,0,0,0,0,0
2023,08,419000,123,0865,49600 ,00000 ,5003 ,216,24540, , ,80542      ,4,8,12,Mead town,108,108,12053335,0,0,0,0,0,0,0,0,0,108,108,12053335,0,0,0,0,0,0,0,0,0
2023,08,421000,103,0875,49875 ,00000 ,2318 ,999,99999, , ,81641      ,4,8,12,Meeker town,0,0,0,1,2,425500,0,0,0,0,0,0,0,0,0,1,2,425500,0,0,0,0,0,0
2023,08,423000,075,0880,50040 ,00000 ,281 ,999,99999, , ,80741      ,4,8,12,Merino town,0,0,0,0,0,0,0,0,0,0,0,0,0,0,0,0,0,0,0,0,0,0,0,0
2023,08,425000,077,    ,00000 ,00000 ,73791 ,999,24300,2, ,815025001  ,4,8,12,Mesa County Unincorporated Area,468,468,71548968,4,8,671820,1,4,786328,14,633,85758897,468,468,71548968,4,8,671820,1,4,786328,14,633,85758897
2023,08,427000,123,0885,50480 ,00000 ,8688 ,216,24540, , ,80543      ,4,8,12,Milliken town,12,12,3099000,0,0,0,0,0,0,0,0,0,12,12,3099000,0,0,0,0,0,0,0,0,0
2023,08,429000,079,    ,99990 ,00000 ,458 ,999,99999, , ,81130      ,4,8,0,Mineral County Unincorporated Area,6,6,2467950,0,0,0,0,0,0,0,0,0,0,0,0,0,0,0,0,0,0,0,0,0
2023,08,431000,037,0890,50920 ,00000 ,1147 ,999,99999, , ,816450309  ,4,8,0,Minturn town,0,0,0,0,0,0,0,0,0,0,0,0,0,0,0,0,0,0,0,0,0,0,0,0
2023,08,433000,081,    ,99990 ,00000 ,3857 ,999,99999, , ,81625      ,4,8,12,Moffat County Unincorporated Area,9,9,2004000,0,0,0,0,0,0,0,0,0,9,9,2004000,0,0,0,0,0,0,0,0,0
2023,08,435000,109,0895,51250 ,00000 ,123 ,999,99999, , ,81143      ,4,8,0,Moffat town,0,0,0,0,0,0,0,0,0,0,0,0,0,0,0,0,0,0,0,0,0,0,0,0
2023,08,443000,085,0910,51745 ,00000 ,19902 ,999,99999, , ,81402      ,4,8,12,Montrose,159,159,19115810,3,6,611105,1,3,310880,3,65,10456450,159,159,19115810,3,6,611105,1,3,310880,3,65,10456450
2023,08,445000,085,    ,99990 ,00000 ,20382 ,999,99999, , ,81401      ,4,8,12,Montrose County Unincorporated Area,86,86,14505505,0,0,0,0,0,0,0,0,0,86,86,14505505,0,0,0,0,0,0,0,0,0
2023,08,449000,087,    ,99990 ,00000 ,9996 ,999,99999, , ,80701      ,4,8,12,Morgan County Unincorporated Area,5,5,2397000,0,0,0,0,0,0,0,0,0,5,5,2397000,0,0,0,0,0,0,0,0,0
2023,08,451000,059,0920,52075 ,00000 ,430 ,216,19740, , ,804653001  ,4,8,0,Morrison town,0,0,0,0,0,0,0,0,0,0,0,0,0,0,0,0,0,0,0,0,0,0,0,0
2023,08,453000,051,0928,52570 ,00000 ,893 ,999,99999, , ,81225      ,4,8,12,Mount Crested Butte town,9,9,24001565,0,0,0,0,0,0,0,0,0,9,9,24001565,0,0,0,0,0,0,0,0,0
2023,08,455000,059,0925,52350 ,00000 ,549 ,216,19740, , ,80212      ,4,8,12,Mountain View town,1,1,293184,0,0,0,0,0,0,0,0,0,1,1,293184,0,0,0,0,0,0,0,0,0
2023,08,456000,113,0926,52550 ,00000 ,1470 ,999,99999, , ,81435      ,4,8,12,Mountain Village town,8,8,24036749,0,0,0,0,0,0,0,0,0,8,8,24036749,0,0,0,0,0,0,0,0,0
2023,08,457000,085,0930,53120 ,00000 ,526 ,999,99999, , ,81422      ,4,8,12,Naturita town,1,1,288000,0,0,0,0,0,0,0,0,0,1,1,288000,0,0,0,0,0,0,0,0,0
2023,08,459000,013,0935,53175 ,00000 ,1557 ,216,14500, , ,80466      ,4,8,0,Nederland town,7,7,1970353,3,6,997899,0,0,0,0,0,0,0,0,0,0,0,0,0,0,0,0,0,0
2023,08,461000,045,0940,53395 ,00000 ,4962 ,999,99999, , ,81647      ,4,8,0,New Castle town,12,12,5025221,1,2,602503,0,0,0,0,0,0,0,0,0,0,0,0,0,0,0,0,0,0
2023,08,463000,001,0943,54330 ,00000 ,38823 ,216,19740,2, ,80233      ,4,8,12,Northglenn,42,42,11886782,0,0,0,0,0,0,1,353,54396546,42,42,11886782,0,0,0,0,0,0,1,353,54396546
2023,08,469000,085,0955,54935 ,00000 ,688 ,999,99999, , ,81424      ,4,8,12,Nucla town,1,1,35000,0,0,0,0,0,0,0,0,0,1,1,35000,0,0,0,0,0,0,0,0,0
2023,08,471000,123,0960,55045 ,00000 ,497 ,216,24540, , ,806480171  ,4,8,12,Nunn town,1,1,210000,0,0,0,0,0,0,0,0,0,1,1,210000,0,0,0,0,0,0,0,0,0
2023,08,475000,085,0970,55540 ,00000 ,1824 ,999,99999, , ,81425      ,4,8,12,Olathe town,0,0,0,0,0,0,0,0,0,0,0,0,0,0,0,0,0,0,0,0,0,0,0,0
2023,08,477000,025,0975,55705 ,00000 ,325 ,999,99999, , ,810620156  ,4,8,12,Olney Springs town,0,0,0,0,0,0,0,0,0,0,0,0,0,0,0,0,0,0,0,0,0,0,0,0
2023,08,479000,113,0980,55870 ,00000 ,190 ,999,99999, , ,81426      ,4,8,0,Ophir town,0,0,0,0,0,0,0,0,0,0,0,0,0,0,0,0,0,0,0,0,0,0,0,0
2023,08,481000,029,0985,55980 ,00000 ,3242 ,999,99999, , ,814108258  ,4,8,0,Orchard City town,15,15,1990431,0,0,0,0,0,0,0,0,0,0,0,0,0,0,0,0,0,0,0,0,0
2023,08,483000,025,0995,56145 ,00000 ,1013 ,999,99999, , ,81063      ,4,8,12,Ordway town,0,0,0,0,0,0,0,0,0,0,0,0,0,0,0,0,0,0,0,0,0,0,0,0
2023,08,485000,089,    ,99990 ,00000 ,5142 ,999,99999, , ,81050      ,4,8,12,Otero County Unincorporated Area,4,4,1925000,0,0,0,0,0,0,0,0,0,4,4,1925000,0,0,0,0,0,0,0,0,0
2023,08,489000,091,1005,56420 ,00000 ,1046 ,999,99999, , ,81427      ,4,8,1,Ouray,4,4,1562577,0,0,0,0,0,0,0,0,0,1,1,352107,0,0,0,0,0,0,0,0,0
2023,08,491000,091,    ,99990 ,00000 ,2916 ,999,99999, , ,814320028  ,4,8,12,Ouray County Unincorporated Area,32,32,16443448,0,0,0,0,0,0,0,0,0,32,32,16443448,0,0,0,0,0,0,0,0,0
2023,08,493000,115,1010,56475 ,00000 ,302 ,999,99999, , ,80744      ,4,8,12,Ovid town,0,0,0,0,0,0,0,0,0,0,0,0,0,0,0,0,0,0,0,0,0,0,0,0
2023,08,495000,007,1015,56860 ,00000 ,2132 ,999,99999, , ,811471859  ,4,8,0,Pagosa Springs town,29,29,5116546,0,0,0,0,0,0,0,0,0,0,0,0,0,0,0,0,0,0,0,0,0
2023,08,501000,095,1030,57245 ,00000 ,35 ,999,99999, , ,80746      ,4,8,0,Paoli town,0,0,0,0,0,0,0,0,0,0,0,0,0,0,0,0,0,0,0,0,0,0,0,0
2023,08,503000,029,1035,57300 ,00000 ,1474 ,999,99999, , ,81428      ,4,8,12,Paonia town,2,2,240000,0,0,0,0,0,0,0,0,0,2,2,240000,0,0,0,0,0,0,0,0,0
2023,08,505000,045,1037,57400 ,00000 ,1114 ,999,99999, , ,81632      ,4,8,0,Parachute town,1,1,192968,0,0,0,0,0,0,0,0,0,0,0,0,0,0,0,0,0,0,0,0,0
2023,08,507000,093,    ,99990 ,00000 ,17823 ,216,19740, , ,80440      ,4,8,12,Park County Unincorporated Area,183,183,47671737,0,0,0,0,0,0,0,0,0,183,183,47671737,0,0,0,0,0,0,0,0,0
2023,08,509000,035,1039,57630 ,00000 ,58673 ,216,19740, , ,80134      ,4,8,12,Parker town,574,574,248410874,31,62,20330796,0,0,0,12,564,110672378,574,574,248410874,31,62,20330796,0,0,0,12,564,110672378
2023,08,511000,075,1040,58235 ,00000 ,237 ,999,99999, , ,807470007  ,4,8,12,Peetz town,0,0,0,0,0,0,0,0,0,0,0,0,0,0,0,0,0,0,0,0,0,0,0,0
2023,08,513000,095,    ,99990 ,00000 ,1156 ,999,99999, , ,80734      ,4,8,12,Phillips County Unincorporated Area,4,4,1812757,0,0,0,0,0,0,0,0,0,4,4,1812757,0,0,0,0,0,0,0,0,0
2023,08,515000,123,1045,59005 ,00000 ,938 ,216,24540, , ,80650      ,4,8,12,Pierce town,0,0,0,0,0,0,0,0,0,0,0,0,0,0,0,0,0,0,0,0,0,0,0,0
2023,08,517000,097,    ,99990 ,00000 ,6474 ,999,99999, , ,81611      ,4,8,2,Pitkin County Unincorporated Area,17,17,90269194,0,0,0,0,0,0,0,0,0,0,0,0,0,0,0,0,0,0,0,0,0
2023,08,519000,051,1050,59830 ,00000 ,70 ,999,99999, , ,81241      ,4,8,0,Pitkin town,1,1,381992,0,0,0,0,0,0,0,0,0,0,0,0,0,0,0,0,0,0,0,0,0
2023,08,521000,123,1055,60160 ,00000 ,3000 ,216,24540, , ,806517503  ,4,8,12,Platteville town,0,0,0,0,0,0,0,0,0,0,0,0,0,0,0,0,0,0,0,0,0,0,0,0
2023,08,529000,099,    ,99990 ,00000 ,2710 ,999,99999, , ,81052      ,4,8,12,Prowers County Unincorporated Area,3,3,1145975,0,0,0,0,0,0,0,0,0,3,3,1145975,0,0,0,0,0,0,0,0,0
2023,08,533000,101,    ,99990 ,00000 ,56446 ,444,39380,2, ,81003      ,4,8,12,Pueblo County Unincorporated Area,297,297,51575222,0,0,0,0,0,0,0,0,0,297,297,51575222,0,0,0,0,0,0,0,0,0
2023,08,535000,041,1090,62660 ,00000 ,131 ,999,17820, , ,808320129  ,4,8,0,Ramah town,0,0,0,0,0,0,0,0,0,0,0,0,0,0,0,0,0,0,0,0,0,0,0,0
2023,08,537000,103,1095,62880 ,00000 ,2300 ,999,99999, , ,816483048  ,4,8,12,Rangely town,1,1,550000,0,0,0,0,0,0,0,0,0,1,1,550000,0,0,0,0,0,0,0,0,0
2023,08,541000,037,1110,63265 ,00000 ,300 ,999,99999, , ,816490040  ,4,8,12,Red Cliff town,0,0,0,0,0,0,0,0,0,0,0,0,0,0,0,0,0,0,0,0,0,0,0,0
2023,08,543000,033,1115,64090 ,00000 ,262 ,999,99999, , ,81332      ,4,8,12,Rico town,2,2,1000000,2,4,1000000,2,6,1000000,0,0,0,2,2,1000000,2,4,1000000,2,6,1000000,0,0,0
2023,08,545000,091,1120,64200 ,00000 ,1039 ,999,99999, , ,814320010  ,4,8,12,Ridgway town,8,8,3656000,12,24,11150000,3,9,5510000,0,0,0,8,8,3656000,12,24,11150000,3,9,5510000,0,0,0
2023,08,547000,045,1125,64255 ,00000 ,9775 ,999,99999, , ,816501908  ,4,8,11,Rifle,19,19,5678159,0,0,0,0,0,0,1,5,823500,17,17,5185982,0,0,0,0,0,0,0,0,0
2023,08,549000,103,    ,99990 ,00000 ,1724 ,999,99999, , ,816410599  ,4,8,12,Rio Blanco County Unincorporated Area,7,7,4709000,0,0,0,0,0,0,0,0,0,7,7,4709000,0,0,0,0,0,0,0,0,0
2023,08,551000,105,    ,99990 ,00000 ,5066 ,999,99999,2, ,81132      ,4,8,12,Rio Grande County Unincorporated Area,55,55,12779996,1,2,414484,0,0,0,0,0,0,55,55,12779996,1,2,414484,0,0,0,0,0,0
2023,08,553000,043,1130,64970 ,00000 ,504 ,999,99999, , ,812440091  ,4,8,12,Rockvale town,1,1,255300,0,0,0,0,0,0,0,0,0,1,1,255300,0,0,0,0,0,0,0,0,0
2023,08,555000,089,1135,65190 ,00000 ,3806 ,999,99999, , ,810671702  ,4,8,12,Rocky Ford,0,0,0,0,0,0,0,0,0,0,0,0,0,0,0,0,0,0,0,0,0,0,0,0
2023,08,559000,107,    ,99990 ,00000 ,8992 ,999,99999, , ,80487      ,4,8,12,Routt County,129,129,176514247,3,6,2601125,0,0,0,10,194,45808951,129,129,176514247,3,6,2601125,0,0,0,10,194,45808951
2023,08,563000,109,    ,99990 ,00000 ,3937 ,999,99999, , ,81149      ,4,8,12,Saguache County Unincorporated Area,49,49,9513000,0,0,0,0,0,0,0,0,0,49,49,9513000,0,0,0,0,0,0,0,0,0
2023,08,565000,109,1155,67005 ,00000 ,531 ,999,99999, , ,811490417  ,4,8,0,Saguache town,0,0,0,0,0,0,0,0,0,0,0,0,0,0,0,0,0,0,0,0,0,0,0,0
2023,08,569000,111,    ,99990 ,00000 ,69 ,999,99999, , ,81433      ,4,8,12,San Juan County Unincorporated Area,5,5,1983813,0,0,0,0,0,0,0,0,0,5,5,1983813,0,0,0,0,0,0,0,0,0
2023,08,571000,023,1169,68105 ,00000 ,692 ,999,99999, , ,811520659  ,4,8,12,San Luis town,0,0,0,0,0,0,0,0,0,0,0,0,0,0,0,0,0,0,0,0,0,0,0,0
2023,08,573000,113,    ,99990 ,00000 ,3393 ,999,99999,2, ,81435      ,4,8,0,San Miguel County Unincorporated Area,32,32,49735723,0,0,0,0,0,0,0,0,0,0,0,0,0,0,0,0,0,0,0,0,0
2023,08,577000,113,1175,68655 ,00000 ,38 ,999,99999, , ,814300248  ,4,8,12,Sawpit town,2,2,1201398,0,0,0,0,0,0,0,0,0,2,2,1201398,0,0,0,0,0,0,0,0,0
2023,08,579000,115,    ,99990 ,00000 ,660 ,999,99999, , ,80737      ,4,8,12,Sedgwick County Unincorporated Area,0,0,0,0,0,0,0,0,0,0,0,0,0,0,0,0,0,0,0,0,0,0,0,0
2023,08,581000,115,1185,68930 ,00000 ,137 ,999,99999, , ,80749      ,4,8,12,Sedgwick town,0,0,0,0,0,0,0,0,0,0,0,0,0,0,0,0,0,0,0,0,0,0,0,0
2023,08,583000,063,1190,69040 ,00000 ,214 ,999,99999, , ,80834      ,4,8,12,Seibert town,0,0,0,0,0,0,0,0,0,0,0,0,0,0,0,0,0,0,0,0,0,0,0,0
2023,08,585000,123,1195,69150 ,00000 ,7634 ,216,24540, , ,80546      ,4,8,12,Severance town,251,251,79452659,0,0,0,0,0,0,0,0,0,251,251,79452659,0,0,0,0,0,0,0,0,0
2023,08,587000,005,1200,69645 ,00000 ,6027 ,216,19740, , ,80110      ,4,8,12,Sheridan,1,1,584514,0,0,0,0,0,0,4,142,24898801,1,1,584514,0,0,0,0,0,0,4,142,24898801
2023,08,591000,045,1210,70195 ,00000 ,3109 ,999,99999, , ,81652      ,4,8,12,Silt town,8,8,2297123,0,0,0,0,0,0,0,0,0,8,8,2297123,0,0,0,0,0,0,0,0,0
2023,08,593000,027,1215,70250 ,00000 ,741 ,999,99999, , ,81252      ,4,8,12,Silver Cliff town,8,8,1786000,0,0,0,0,0,0,0,0,0,8,8,1786000,0,0,0,0,0,0,0,0,0
2023,08,595000,019,1220,70360 ,00000 ,175 ,216,19740, , ,80476      ,4,8,12,Silver Plume town,0,0,0,0,0,0,0,0,0,0,0,0,0,0,0,0,0,0,0,0,0,0,0,0
2023,08,597000,117,1222,70525 ,00000 ,4906 ,999,99999, , ,80498      ,4,8,12,Silverthorne town,26,26,22991910,0,0,0,2,8,3703458,6,187,47121710,26,26,22991910,0,0,0,2,8,3703458,6,187,47121710
2023,08,599000,111,1225,70580 ,00000 ,679 ,999,99999, , ,814330250  ,4,8,12,Silverton town,4,4,2450000,1,2,920000,0,0,0,0,0,0,4,4,2450000,1,2,920000,0,0,0,0,0,0
2023,08,601000,039,1230,70635 ,00000 ,690 ,216,19740, , ,80835      ,4,8,12,Simla town,0,0,0,0,0,0,0,0,0,0,0,0,0,0,0,0,0,0,0,0,0,0,0,0
2023,08,603000,097,1236,71755 ,00000 ,2760 ,999,99999, , ,81615      ,4,8,12,Snowmass Village town,3,3,18799000,0,0,0,0,0,0,0,0,0,3,3,18799000,0,0,0,0,0,0,0,0,0
2023,08,605000,009,1240,73330 ,00000 ,1364 ,999,99999, , ,81073      ,4,8,12,Springfield town,3,3,260000,0,0,0,0,0,0,0,0,0,3,3,260000,0,0,0,0,0,0,0,0,0
2023,08,611000,075,1255,73935 ,00000 ,14078 ,999,99999, , ,807510400  ,4,8,12,Sterling,1,1,70000,0,0,0,0,0,0,0,0,0,1,1,70000,0,0,0,0,0,0,0,0,0
2023,08,613000,063,1260,74485 ,00000 ,640 ,999,99999, , ,80836      ,4,8,12,Stratton town,0,0,0,0,0,0,0,0,0,0,0,0,0,0,0,0,0,0,0,0,0,0,0,0
2023,08,615000,025,1265,74815 ,00000 ,244 ,999,99999, , ,810760060  ,4,8,12,Sugar City town,0,0,0,0,0,0,0,0,0,0,0,0,0,0,0,0,0,0,0,0,0,0,0,0
2023,08,617000,117,    ,99990 ,00000 ,15927 ,999,99999,2, ,804435660  ,4,8,12,Summit County Unincorporated Area,70,70,39805647,0,0,0,2,8,1943835,4,126,21446993,70,70,39805647,0,0,0,2,8,1943835,4,126,21446993
2023,08,619000,013,1270,75640 ,00000 ,13413 ,216,14500,2, ,80027      ,4,8,12,Superior town,89,89,29646927,2,4,1194110,5,15,4536456,5,25,7877601,89,89,29646927,2,4,1194110,5,15,4536456,5,25,7877601
2023,08,623000,089,1275,75970 ,00000 ,595 ,999,99999, , ,81077      ,4,8,12,Swink town,0,0,0,0,0,0,0,0,0,0,0,0,0,0,0,0,0,0,0,0,0,0,0,0
2023,08,625000,119,    ,99990 ,00000 ,15655 ,999,17820,2, ,80866      ,4,8,12,Teller County Unincorporated Area,83,83,24788787,0,0,0,0,0,0,0,0,0,83,83,24788787,0,0,0,0,0,0,0,0,0
2023,08,627000,113,1280,76795 ,00000 ,2416 ,999,99999, , ,81435      ,4,8,12,Telluride town,5,5,19289545,0,0,0,0,0,0,1,27,12604230,5,5,19289545,0,0,0,0,0,0,1,27,12604230
2023,08,629000,001,1285,77290 ,00000 ,148113 ,216,19740,2, ,80229      ,4,8,12,Thornton,434,434,128370398,0,0,0,0,0,0,15,324,54119672,434,434,128370398,0,0,0,0,0,0,15,324,54119672
2023,08,631000,069,1290,77510 ,00000 ,3172 ,999,22660,2, ,80547      ,4,8,12,Timnath town,327,327,122800752,0,0,0,0,0,0,1,8,1906286,327,327,122800752,0,0,0,0,0,0,1,8,1906286
2023,08,633000,071,1295,78610 ,00000 ,8127 ,999,99999, , ,81082      ,4,8,12,Trinidad,6,6,2555152,0,0,0,0,0,0,0,0,0,6,6,2555152,0,0,0,0,0,0,0,0,0
2023,08,637000,037,1307,80040 ,00000 ,5489 ,999,99999, , ,81657      ,4,8,0,Vail town,7,7,20588341,0,0,0,0,0,0,0,0,0,0,0,0,0,0,0,0,0,0,0,0,0
2023,08,639000,119,1310,80865 ,00000 ,426 ,999,17820, , ,80860      ,4,8,12,Victor,0,0,0,0,0,0,0,0,0,0,0,0,0,0,0,0,0,0,0,0,0,0,0,0
2023,08,645000,057,1325,82130 ,00000 ,609 ,999,99999, , ,80480      ,4,8,12,Walden town,0,0,0,0,0,0,0,0,0,0,0,0,0,0,0,0,0,0,0,0,0,0,0,0
2023,08,647000,055,1330,82350 ,00000 ,3003 ,999,99999, , ,81089      ,4,8,12,Walsenburg,1,1,160000,0,0,0,0,0,0,0,0,0,1,1,160000,0,0,0,0,0,0,0,0,0
2023,08,649000,009,1335,82460 ,00000 ,513 ,999,99999, , ,810900280  ,4,8,12,Walsh town,0,0,0,0,0,0,0,0,0,0,0,0,0,0,0,0,0,0,0,0,0,0,0,0
2023,08,651000,013,1340,82735 ,00000 ,168 ,216,14500, , ,80481      ,4,8,12,Ward town,0,0,0,0,0,0,0,0,0,0,0,0,0,0,0,0,0,0,0,0,0,0,0,0
2023,08,653000,121,    ,99990 ,00000 ,2709 ,999,99999, , ,80720      ,4,8,12,Washington County Unincorporated Area,5,5,1271649,0,0,0,0,0,0,0,0,0,5,5,1271649,0,0,0,0,0,0,0,0,0
2023,08,655000,123,    ,99990 ,00000 ,54551 ,216,24540, , ,80631      ,4,8,12,Weld County Unincorporated Area,105,105,41033739,0,0,0,0,0,0,0,0,0,105,105,41033739,0,0,0,0,0,0,0,0,0
2023,08,657000,069,1345,83230 ,00000 ,9620 ,999,22660, , ,80549      ,4,8,12,Wellington town,70,70,24883502,0,0,0,0,0,0,0,0,0,70,70,24883502,0,0,0,0,0,0,0,0,0
2023,08,659000,027,1350,83450 ,00000 ,692 ,999,99999, , ,81252      ,4,8,12,Westcliffe town,4,4,892000,0,0,0,0,0,0,0,0,0,4,4,892000,0,0,0,0,0,0,0,0,0
2023,08,661000,001,1355,83835 ,00000 ,69802 ,216,19740,2, ,80031      ,4,8,12,Westminster,29,29,8696234,0,0,0,0,0,0,2,19,1545314,29,29,8696234,0,0,0,0,0,0,2,19,1545314
2023,08,665000,059,1360,84440 ,00000 ,31857 ,216,19740, , ,800338001  ,4,8,10,Wheat Ridge,60,60,16657217,0,0,0,0,0,0,2,44,7304267,41,41,11910884,0,0,0,0,0,0,0,0,0
2023,08,667000,087,1363,84770 ,00000 ,1152 ,999,99999, , ,806548933  ,4,8,12,Wiggins town,4,4,1320000,0,0,0,0,0,0,0,0,0,4,4,1320000,0,0,0,0,0,0,0,0,0
2023,08,671000,043,1370,85155 ,00000 ,682 ,999,99999, , ,81226      ,4,8,0,Williamsburg town,8,8,1166194,0,0,0,0,0,0,0,0,0,0,0,0,0,0,0,0,0,0,0,0,0
2023,08,673000,123,4560,85485 ,00000 ,21374 ,216,24540,2, ,80550      ,4,8,12,Windsor town,147,147,57949202,6,12,1653311,5,20,4955471,28,216,24929427,147,147,57949202,6,12,1653311,5,20,4955471,28,216,24929427
2023,08,675000,049,1377,85705 ,00000 ,1106 ,999,99999,2, ,80482      ,4,8,0,Winter Park town,97,97,32852086,0,0,0,0,0,0,2,10,1487102,0,0,0,0,0,0,0,0,0,0,0,0
2023,08,677000,119,1380,86090 ,00000 ,8151 ,999,17820, , ,80866      ,4,8,12,Woodland Park,38,38,13701140,0,0,0,0,0,0,6,66,6758000,38,38,13701140,0,0,0,0,0,0,6,66,6758000
2023,08,679000,125,1385,86310 ,00000 ,2353 ,999,99999, , ,80758      ,4,8,0,Wray,10,10,1697780,0,0,0,0,0,0,0,0,0,0,0,0,0,0,0,0,0,0,0,0,0
2023,08,683000,125,1395,86750 ,00000 ,3497 ,999,99999, , ,80759      ,4,8,12,Yuma,1,1,225000,0,0,0,0,0,0,0,0,0,1,1,225000,0,0,0,0,0,0,0,0,0
