Survey,State,6-Digit,County,Census Place,FIPS Place,FIPS MCD,Pop,CSA,CBSA,Footnote,Central,Zip,Region,Division,Number of,Place,,1-unit,,,2-units,,,3-4 units,,,5+ units,,,1-unit rep,,,2-units rep,,,3-4 units rep,,,5+ units rep
Date,Code,ID,Code,Code,Code,Code,  ,Code,Code,Code,City,Code,Code,Code,Months Rep,Name,Bldgs,Units,Value,Bldgs,Units,Value,Bldgs,Units,Value,Bldgs,Units,Value,Bldgs,Units,Value,Bldgs,Units,Value,Bldgs,Units,Value,Bldgs,Units,Value
2019,08,001000,001,    ,99990 ,00000 ,88292 ,216,19740, , ,80601      ,4,8,12,Adams County Unincorporated Area,290,290,64674057,2,4,100000,1,3,499711,0,0,0,290,290,64674057,2,4,100000,1,3,499711,0,0,0
2019,08,003000,071,0005,00760 ,00000 ,538 ,999,99999, , ,81020      ,4,8,0,Aguilar town,0,0,0,0,0,0,0,0,0,0,0,0,0,0,0,0,0,0,0,0,0,0,0,0
2019,08,005000,121,0010,00925 ,00000 ,1702 ,999,99999, , ,80720      ,4,8,12,Akron town,2,2,495885,0,0,0,0,0,0,0,0,0,2,2,495885,0,0,0,0,0,0,0,0,0
2019,08,007000,003,0015,01090 ,00000 ,8780 ,999,99999, , ,81101      ,4,8,12,Alamosa,18,18,3776043,5,10,2192955,0,0,0,0,0,0,18,18,3776043,5,10,2192955,0,0,0,0,0,0
2019,08,009000,003,    ,99990 ,00000 ,6562 ,999,99999, , ,81101      ,4,8,12,Alamosa County Unincorporated Area,24,24,4809328,0,0,0,0,0,0,0,0,0,24,24,4809328,0,0,0,0,0,0,0,0,0
2019,08,011000,093,0020,01530 ,00000 ,270 ,216,19740, , ,80420      ,4,8,12,Alma town,1,1,277935,0,0,0,0,0,0,0,0,0,1,1,277935,0,0,0,0,0,0,0,0,0
2019,08,013000,021,0025,02355 ,00000 ,781 ,999,99999, , ,81120      ,4,8,0,Antonito town,0,0,0,0,0,0,0,0,0,0,0,0,0,0,0,0,0,0,0,0,0,0,0,0
2019,08,015000,005,    ,99990 ,00000 ,83764 ,216,19740, , ,80112      ,4,8,12,Arapahoe County Unincorporated Area,504,504,146870880,0,0,0,0,0,0,3,218,28385710,504,504,146870880,0,0,0,0,0,0,3,218,28385710
2019,08,017000,007,    ,99990 ,00000 ,10357 ,999,99999, , ,81147      ,4,8,12,Archuleta County Unincorporated Area,141,141,32010000,0,0,0,0,0,0,0,0,0,141,141,32010000,0,0,0,0,0,0,0,0,0
2019,08,023000,059,0040,03455 ,00000 ,103584 ,216,19740,2, ,80002      ,4,8,12,Arvada,294,294,80483414,0,0,0,0,0,0,0,0,0,294,294,80483414,0,0,0,0,0,0,0,0,0
2019,08,025000,097,0045,03620 ,00000 ,6658 ,999,99999, , ,81611      ,4,8,0,Aspen,7,7,30477420,0,0,0,0,0,0,1,12,4294282,0,0,0,0,0,0,0,0,0,0,0,0
2019,08,027000,123,0050,03950 ,00000 ,1519 ,216,24540, , ,80610      ,4,8,12,Ault town,55,55,11071773,0,0,0,0,0,0,0,0,0,55,55,11071773,0,0,0,0,0,0,0,0,0
2019,08,031000,005,0055,04000 ,00000 ,285090 ,216,19740,2,1,800121553  ,4,8,12,Aurora,1523,1523,408835911,0,0,0,8,25,5336326,11,780,134178745,1523,1523,408835911,0,0,0,8,25,5336326,11,780,134178745
2019,08,035000,037,0057,04110 ,00000 ,6447 ,999,99999, , ,816200975  ,4,8,12,Avon town,0,0,0,12,24,8503554,0,0,0,9,266,59861349,0,0,0,12,24,8503554,0,0,0,9,266,59861349
2019,08,039000,037,0060,04935 ,00000 ,2926 ,999,99999,2, ,81621      ,4,8,0,Basalt town,7,7,2517852,1,2,301442,0,0,0,1,15,5571428,0,0,0,0,0,0,0,0,0,0,0,0
2019,08,043000,067,0065,05265 ,00000 ,2333 ,999,99999, , ,81122      ,4,8,12,Bayfield town,15,15,3544000,0,0,0,0,0,0,0,0,0,15,15,3544000,0,0,0,0,0,0,0,0,0
2019,08,045000,001,0075,06090 ,00000 ,1955 ,216,19740,2, ,801027806  ,4,8,12,Bennett town,55,55,17880082,0,0,0,2,8,1328168,0,0,0,55,55,17880082,0,0,0,2,8,1328168,0,0,0
2019,08,047000,011,    ,99990 ,00000 ,4089 ,999,99999, , ,81054      ,4,8,12,Bent County Unincorporated Area,0,0,0,0,0,0,0,0,0,0,0,0,0,0,0,0,0,0,0,0,0,0,0,0
2019,08,049000,069,0080,06255 ,00000 ,5042 ,999,22660,2, ,80513      ,4,8,12,Berthoud town,361,361,86235781,0,0,0,0,0,0,19,136,12058000,361,361,86235781,0,0,0,0,0,0,19,136,12058000
2019,08,051000,063,0085,06530 ,00000 ,237 ,999,99999, , ,80805      ,4,8,12,Bethune town,0,0,0,0,0,0,0,0,0,0,0,0,0,0,0,0,0,0,0,0,0,0,0,0
2019,08,053000,047,0090,07025 ,00000 ,118 ,216,19740, , ,80422      ,4,8,12,Black Hawk,0,0,0,0,0,0,0,0,0,0,0,0,0,0,0,0,0,0,0,0,0,0,0,0
2019,08,055000,023,0095,07190 ,00000 ,385 ,999,99999, , ,81123      ,4,8,12,Blanca town,0,0,0,0,0,0,0,0,0,0,0,0,0,0,0,0,0,0,0,0,0,0,0,0
2019,08,057000,117,0097,07410 ,00000 ,849 ,999,99999, , ,80424      ,4,8,12,Blue River town,8,8,3552460,0,0,0,0,0,0,0,0,0,8,8,3552460,0,0,0,0,0,0,0,0,0
2019,08,063000,013,0110,07850 ,00000 ,97385 ,216,14500, ,1,803060791  ,4,8,12,Boulder,41,41,39694759,0,0,0,0,0,0,17,286,60464330,41,41,39694759,0,0,0,0,0,0,17,286,60464330
2019,08,065000,013,    ,99990 ,00000 ,43380 ,216,14500,2, ,80306      ,4,8,12,Boulder County Unincorporated Area,61,61,39672827,0,0,0,0,0,0,0,0,0,61,61,39672827,0,0,0,0,0,0,0,0,0
2019,08,067000,005,0115,08070 ,00000 ,589 ,216,19740,2, ,801231586  ,4,8,12,Bow Mar town,0,0,0,0,0,0,0,0,0,0,0,0,0,0,0,0,0,0,0,0,0,0,0,0
2019,08,073000,117,0125,08400 ,00000 ,4540 ,999,99999, , ,80424      ,4,8,12,Breckenridge town,33,33,56880039,3,6,4700000,0,0,0,0,0,0,33,33,56880039,3,6,4700000,0,0,0,0,0,0
2019,08,075000,001,0130,08675 ,00000 ,33009 ,216,19740,2, ,80601      ,4,8,12,Brighton,437,437,126967182,0,0,0,0,0,0,0,0,0,437,437,126967182,0,0,0,0,0,0,0,0,0
2019,08,079000,043,0140,09115 ,00000 ,233 ,999,99999, , ,81212      ,4,8,12,Brookside town,0,0,0,0,0,0,0,0,0,0,0,0,0,0,0,0,0,0,0,0,0,0,0,0
2019,08,083000,014,0143,09280 ,00000 ,55889 ,216,19740,2,1,80020      ,4,8,12,Broomfield,333,333,118197893,2,4,955282,0,0,0,1,6,1210636,333,333,118197893,2,4,955282,0,0,0,1,6,1210636
2019,08,089000,087,0150,09555 ,00000 ,5463 ,999,99999, , ,80723      ,4,8,0,Brush,2,2,263804,0,0,0,1,4,735000,0,0,0,0,0,0,0,0,0,0,0,0,0,0,0
2019,08,093000,063,0160,10600 ,00000 ,4254 ,999,99999, , ,80807      ,4,8,12,Burlington,0,0,0,0,0,0,0,0,0,0,0,0,0,0,0,0,0,0,0,0,0,0,0,0
2019,08,095000,041,0165,11260 ,00000 ,780 ,999,17820, , ,808088203  ,4,8,12,Calhan town,0,0,0,0,0,0,0,0,0,0,0,0,0,0,0,0,0,0,0,0,0,0,0,0
2019,08,099000,043,0610,11810 ,00000 ,16400 ,999,99999, , ,812151460  ,4,8,12,Canon City,33,33,9181833,1,2,320081,0,0,0,1,8,1000000,33,33,9181833,1,2,320081,0,0,0,1,8,1000000
2019,08,101000,045,0180,12045 ,00000 ,6427 ,999,99999, , ,81623      ,4,8,12,Carbondale town,34,34,17124587,0,0,0,1,3,558543,0,0,0,34,34,17124587,0,0,0,1,3,558543,0,0,0
2019,08,102900,035,0186,12387 ,00000 ,10360 ,216,19740, , ,80108      ,4,8,12,Castle Pines,254,254,83008301,0,0,0,0,0,0,0,0,0,254,254,83008301,0,0,0,0,0,0,0,0,0
2019,08,103000,035,0188,12415 ,00000 ,48231 ,216,19740, , ,80104      ,4,8,12,Castle Rock town,935,935,255765541,0,0,0,0,0,0,8,78,10295556,935,935,255765541,0,0,0,0,0,0,8,78,10295556
2019,08,105000,029,0190,12635 ,00000 ,2253 ,999,99999, , ,81413      ,4,8,12,Cedaredge town,14,14,2904441,0,0,0,0,0,0,0,0,0,14,14,2904441,0,0,0,0,0,0,0,0,0
2019,08,106000,005,0193,12815 ,00000 ,100377 ,216,19740, ,1,80112      ,4,8,12,Centennial,104,104,29204419,1,2,406062,1,4,806202,0,0,0,104,104,29204419,1,2,406062,1,4,806202,0,0,0
2019,08,109000,109,0195,12855 ,00000 ,2012 ,999,99999,2, ,81125      ,4,8,0,Center town,0,0,0,0,0,0,0,0,0,0,0,0,0,0,0,0,0,0,0,0,0,0,0,0
2019,08,111000,047,0200,12910 ,00000 ,663 ,216,19740,2, ,80427      ,4,8,12,Central City,0,0,0,0,0,0,0,0,0,0,0,0,0,0,0,0,0,0,0,0,0,0,0,0
2019,08,113000,015,    ,00000 ,00000 ,9219 ,999,99999, , ,81201      ,4,8,12,Chaffee County,143,143,36895077,3,6,971886,5,15,2748500,0,0,0,143,143,36895077,3,6,971886,5,15,2748500,0,0,0
2019,08,117000,005,0210,13845 ,00000 ,5987 ,216,19740, , ,80113      ,4,8,12,Cherry Hills Village,7,7,21237070,0,0,0,0,0,0,0,0,0,7,7,21237070,0,0,0,0,0,0,0,0,0
2019,08,119000,017,    ,99990 ,00000 ,757 ,999,99999, , ,808100567  ,4,8,0,Cheyenne County Unincorporated Area,6,6,714510,0,0,0,0,0,0,0,0,0,0,0,0,0,0,0,0,0,0,0,0,0
2019,08,121000,017,0215,14175 ,00000 ,846 ,999,99999, , ,80810      ,4,8,12,Cheyenne Wells town,6,6,847000,1,2,150000,0,0,0,0,0,0,6,6,847000,1,2,150000,0,0,0,0,0,0
2019,08,123000,019,    ,99990 ,00000 ,5885 ,216,19740,2, ,80444      ,4,8,12,Clear Creek County Unincorporated Area,17,17,4849946,0,0,0,0,0,0,0,0,0,17,17,4849946,0,0,0,0,0,0,0,0,0
2019,08,125000,043,0225,15330 ,00000 ,343 ,999,99999, , ,81221      ,4,8,12,Coal Creek town,2,2,280339,0,0,0,0,0,0,0,0,0,2,2,280339,0,0,0,0,0,0,0,0,0
2019,08,133000,005,0244,16385 ,00000 ,1256 ,216,19740, , ,80123      ,4,8,12,Columbine Valley town,10,10,10051185,0,0,0,0,0,0,0,0,0,10,10,10051185,0,0,0,0,0,0,0,0,0
2019,08,135000,001,0245,16495 ,00000 ,45913 ,216,19740, ,1,80022      ,4,8,12,Commerce City,629,629,184446241,0,0,0,0,0,0,0,0,0,629,629,184446241,0,0,0,0,0,0,0,0,0
2019,08,137000,021,    ,99990 ,00000 ,4383 ,999,99999, , ,81129      ,4,8,12,Conejos County Unincorporated Area,25,25,7070873,0,0,0,0,0,0,0,0,0,25,25,7070873,0,0,0,0,0,0,0,0,0
2019,08,139000,083,0250,17375 ,00000 ,8482 ,999,99999, , ,81321      ,4,8,12,Cortez,17,17,3837675,0,0,0,0,0,0,0,0,0,17,17,3837675,0,0,0,0,0,0,0,0,0
2019,08,141000,023,    ,99990 ,00000 ,2510 ,999,99999, , ,81152      ,4,8,0,Costilla County Unincorporated Area,0,0,0,0,0,0,0,0,0,0,0,0,0,0,0,0,0,0,0,0,0,0,0,0
2019,08,143000,081,0255,17760 ,00000 ,9464 ,999,99999,2, ,81625      ,4,8,12,Craig,7,7,1617463,0,0,0,0,0,0,0,0,0,7,7,1617463,0,0,0,0,0,0,0,0,0
2019,08,145000,029,0260,17925 ,00000 ,431 ,999,99999, , ,81415      ,4,8,12,Crawford town,0,0,0,0,0,0,0,0,0,0,0,0,0,0,0,0,0,0,0,0,0,0,0,0
2019,08,147000,079,0796,14765 ,00000 ,290 ,999,99999, , ,81130      ,4,8,12,City of Creede town,4,4,845404,0,0,0,0,0,0,0,0,0,4,4,845404,0,0,0,0,0,0,0,0,0
2019,08,149000,051,0270,18310 ,00000 ,1487 ,999,99999, , ,81224      ,4,8,12,Crested Butte town,19,19,7112432,0,0,0,4,12,2976695,0,0,0,19,19,7112432,0,0,0,4,12,2976695,0,0,0
2019,08,150000,109,0275,18420 ,00000 ,127 ,999,99999, , ,81131      ,4,8,12,Crestone town,1,1,200000,1,2,145000,0,0,0,0,0,0,1,1,200000,1,2,145000,0,0,0,0,0,0
2019,08,151000,119,0280,18530 ,00000 ,1189 ,999,17820, , ,80813      ,4,8,0,Cripple Creek,0,0,0,0,0,0,0,0,0,0,0,0,0,0,0,0,0,0,0,0,0,0,0,0
2019,08,153000,075,0285,18640 ,00000 ,110 ,999,99999, , ,80726      ,4,8,0,Crook town,0,0,0,0,0,0,0,0,0,0,0,0,0,0,0,0,0,0,0,0,0,0,0,0
2019,08,155000,025,    ,99990 ,00000 ,3964 ,999,99999, , ,81063      ,4,8,0,Crowley County Unincorporated Area,1,1,218750,0,0,0,0,0,0,0,0,0,0,0,0,0,0,0,0,0,0,0,0,0
2019,08,157000,025,0290,18750 ,00000 ,176 ,999,99999, , ,810330036  ,4,8,12,Crowley town,0,0,0,0,0,0,0,0,0,0,0,0,0,0,0,0,0,0,0,0,0,0,0,0
2019,08,159000,027,    ,99990 ,00000 ,3100 ,999,99999, , ,81252      ,4,8,12,Custer County Unincorporated Area,76,76,21528259,0,0,0,0,0,0,0,0,0,76,76,21528259,0,0,0,0,0,0,0,0,0
2019,08,161000,123,0295,19080 ,00000 ,4152 ,216,24540, , ,805140186  ,4,8,12,Dacono,72,72,16735860,0,0,0,0,0,0,0,0,0,72,72,16735860,0,0,0,0,0,0,0,0,0
2019,08,165000,005,0305,19630 ,00000 ,546 ,216,19740, , ,80105      ,4,8,12,Deer Trail town,61,61,10840667,0,0,0,0,0,0,0,0,0,61,61,10840667,0,0,0,0,0,0,0,0,0
2019,08,169000,029,0315,19850 ,00000 ,8915 ,999,99999, , ,81416      ,4,8,12,Delta,24,24,5075630,2,4,566449,0,0,0,0,0,0,24,24,5075630,2,4,566449,0,0,0,0,0,0
2019,08,173000,031,0320,20000 ,00000 ,600158 ,216,19740,2,1,80202      ,4,8,12,Denver,2257,2257,619450228,0,0,0,2,7,1197560,51,5066,646993135,2257,2257,619450228,0,0,0,2,7,1197560,51,5066,646993135
2019,08,177000,081,0332,20495 ,00000 ,339 ,999,99999, , ,816100238  ,4,8,12,Dinosaur town,0,0,0,0,0,0,0,0,0,0,0,0,0,0,0,0,0,0,0,0,0,0,0,0
2019,08,181000,083,0335,20770 ,00000 ,936 ,999,99999, , ,81323      ,4,8,12,Dolores town,3,3,255789,1,2,230000,0,0,0,0,0,0,3,3,255789,1,2,230000,0,0,0,0,0,0
2019,08,183000,035,    ,99990 ,00000 ,171031 ,216,19740,2, ,80104      ,4,8,12,Douglas County Unincorporated Area,970,970,296903812,14,28,4821482,12,41,6482384,20,331,30348611,970,970,296903812,14,28,4821482,12,41,6482384,20,331,30348611
2019,08,187000,067,0350,22035 ,00000 ,16887 ,999,99999, , ,81301      ,4,8,12,Durango,70,70,13620345,2,4,342343,1,3,324195,1,52,6300242,70,70,13620345,2,4,342343,1,3,324195,1,52,6300242
2019,08,189000,061,0355,22145 ,00000 ,609 ,999,99999, , ,81036      ,4,8,12,Eads town,0,0,0,0,0,0,0,0,0,0,0,0,0,0,0,0,0,0,0,0,0,0,0,0
2019,08,191000,037,    ,99990 ,00000 ,23240 ,999,99999, , ,81631      ,4,8,12,Eagle County Unincorporated Area,80,80,58940002,0,0,0,0,0,0,0,0,0,80,80,58940002,0,0,0,0,0,0,0,0,0
2019,08,193000,037,0360,22200 ,00000 ,6508 ,999,99999, , ,81631      ,4,8,12,Eagle town,19,19,7313676,0,0,0,5,18,2200644,2,28,3210133,19,19,7313676,0,0,0,5,18,2200644,2,28,3210133
2019,08,195000,123,0370,22860 ,00000 ,4365 ,216,24540, , ,80615      ,4,8,12,Eaton town,41,41,11732043,0,0,0,1,4,700547,3,21,2693009,41,41,11732043,0,0,0,1,4,700547,3,21,2693009
2019,08,197000,125,0375,23025 ,00000 ,257 ,999,99999, , ,807270217  ,4,8,12,Eckley town,0,0,0,0,0,0,0,0,0,0,0,0,0,0,0,0,0,0,0,0,0,0,0,0
2019,08,199000,059,0380,23135 ,00000 ,5170 ,216,19740, , ,80214      ,4,8,12,Edgewater,1,1,255600,0,0,0,0,0,0,0,0,0,1,1,255600,0,0,0,0,0,0,0,0,0
2019,08,201000,041,    ,99990 ,00000 ,165533 ,999,17820,2, ,80910      ,4,8,12,El Paso County Unincorporated Area,3931,3931,1479124495,49,98,8320689,11,43,6742242,46,1316,178253695,3931,3931,1479124495,49,98,8320689,11,43,6742242,46,1316,178253695
2019,08,203000,039,    ,99990 ,00000 ,20387 ,216,19740, , ,80117      ,4,8,12,Elbert County Unincorporated Area,122,122,40714068,0,0,0,0,0,0,0,0,0,122,122,40714068,0,0,0,0,0,0,0,0,0
2019,08,205000,039,0385,23740 ,00000 ,1358 ,216,19740, , ,80107      ,4,8,12,Elizabeth town,71,71,18412608,0,0,0,0,0,0,0,0,0,71,71,18412608,0,0,0,0,0,0,0,0,0
2019,08,209000,005,0395,24785 ,00000 ,30255 ,216,19740, , ,80110      ,4,8,12,Englewood,120,120,26391984,0,0,0,0,0,0,3,36,1853280,120,120,26391984,0,0,0,0,0,0,3,36,1853280
2019,08,213000,123,0400,24950 ,00000 ,9787 ,216,24540,2, ,805160750  ,4,8,12,Erie town,572,572,169567358,0,0,0,0,0,0,0,0,0,572,572,169567358,0,0,0,0,0,0,0,0,0
2019,08,215000,069,0405,25115 ,00000 ,5858 ,999,22660, , ,80517      ,4,8,12,Estes Park town,23,23,13126344,0,0,0,4,16,1600000,0,0,0,23,23,13126344,0,0,0,4,16,1600000,0,0,0
2019,08,217000,123,0415,25280 ,00000 ,18537 ,216,24540, , ,806152036  ,4,8,12,Evans,100,100,19281354,0,0,0,2,7,1406942,7,68,8240000,100,100,19281354,0,0,0,2,7,1406942,7,68,8240000
2019,08,219000,093,0425,25610 ,00000 ,679 ,216,19740, , ,804400267  ,4,8,12,Fairplay town,1,1,120000,0,0,0,0,0,0,0,0,0,1,1,120000,0,0,0,0,0,0,0,0,0
2019,08,221000,001,0430,26270 ,00000 ,11467 ,216,19740, , ,80221      ,4,8,12,Federal Heights,0,0,0,0,0,0,0,0,0,0,0,0,0,0,0,0,0,0,0,0,0,0,0,0
2019,08,223000,123,0435,26600 ,00000 ,10147 ,216,24540, , ,80520      ,4,8,12,Firestone town,261,261,74339565,0,0,0,0,0,0,7,159,10332680,261,261,74339565,0,0,0,0,0,0,7,159,10332680
2019,08,225000,063,0440,26765 ,00000 ,561 ,999,99999, , ,80815      ,4,8,12,Flagler town,3,3,305000,0,0,0,0,0,0,0,0,0,3,3,305000,0,0,0,0,0,0,0,0,0
2019,08,227000,075,0445,26875 ,00000 ,408 ,999,99999, , ,80728      ,4,8,12,Fleming town,0,0,0,0,0,0,0,0,0,0,0,0,0,0,0,0,0,0,0,0,0,0,0,0
2019,08,229000,043,0450,27040 ,00000 ,3881 ,999,99999, , ,81226      ,4,8,12,Florence,18,18,3554525,0,0,0,0,0,0,0,0,0,18,18,3554525,0,0,0,0,0,0,0,0,0
2019,08,231000,069,0455,27425 ,00000 ,143986 ,999,22660, ,1,805228052  ,4,8,12,Fort Collins,316,316,76806070,3,6,502198,5,19,3112989,31,607,78817542,316,316,76806070,3,6,502198,5,19,3112989,31,607,78817542
2019,08,233000,123,0465,27700 ,00000 ,7377 ,216,24540, , ,806211343  ,4,8,12,Fort Lupton,50,50,9656665,0,0,0,0,0,0,0,0,0,50,50,9656665,0,0,0,0,0,0,0,0,0
2019,08,235000,087,0470,27810 ,00000 ,11315 ,999,99999, , ,80701      ,4,8,12,Fort Morgan,2,2,530028,0,0,0,0,0,0,0,0,0,2,2,530028,0,0,0,0,0,0,0,0,0
2019,08,239000,089,0480,27975 ,00000 ,1182 ,999,99999, , ,810391134  ,4,8,12,Fowler town,2,2,169000,0,0,0,0,0,0,0,0,0,2,2,169000,0,0,0,0,0,0,0,0,0
2019,08,240000,005,0483,28105 ,00000 ,685 ,216,19740, , ,80108      ,4,8,12,Foxfield town,1,1,1900000,0,0,0,0,0,0,0,0,0,1,1,1900000,0,0,0,0,0,0,0,0,0
2019,08,243000,123,0490,28360 ,00000 ,8679 ,216,24540, , ,805300435  ,4,8,12,Frederick town,285,285,74576346,0,0,0,0,0,0,0,0,0,285,285,74576346,0,0,0,0,0,0,0,0,0
2019,08,245000,043,    ,99990 ,00000 ,24818 ,999,99999, , ,81212      ,4,8,12,Fremont County Unincorporated Area,68,68,14385404,0,0,0,0,0,0,0,0,0,68,68,14385404,0,0,0,0,0,0,0,0,0
2019,08,247000,117,0500,28690 ,00000 ,2683 ,999,99999, , ,80443      ,4,8,0,Frisco town,42,42,12271191,0,0,0,0,0,0,1,49,8438886,0,0,0,0,0,0,0,0,0,0,0,0
2019,08,251000,123,0510,29185 ,00000 ,234 ,216,24540, , ,806318466  ,4,8,12,Garden City town,0,0,0,0,0,0,0,0,0,0,0,0,0,0,0,0,0,0,0,0,0,0,0,0
2019,08,253000,045,    ,99990 ,00000 ,22643 ,999,99999, , ,81601      ,4,8,12,Garfield County Unincorporated Area,92,92,19033568,1,2,150624,0,0,0,1,54,4256440,92,92,19033568,1,2,150624,0,0,0,1,54,4256440
2019,08,257000,019,0520,29735 ,00000 ,1034 ,216,19740, , ,80444      ,4,8,12,Georgetown town,3,3,932290,0,0,0,0,0,0,0,0,0,3,3,932290,0,0,0,0,0,0,0,0,0
2019,08,259000,123,0525,29955 ,00000 ,1034 ,216,24540, , ,806230128  ,4,8,12,Gilcrest town,0,0,0,0,0,0,0,0,0,0,0,0,0,0,0,0,0,0,0,0,0,0,0,0
2019,08,261000,047,    ,99990 ,00000 ,4660 ,216,19740, , ,80427      ,4,8,12,Gilpin County Unincorporated Area,32,32,8812497,0,0,0,0,0,0,0,0,0,32,32,8812497,0,0,0,0,0,0,0,0,0
2019,08,263000,005,0530,30340 ,00000 ,4184 ,216,19740, , ,80246      ,4,8,12,Glendale,0,0,0,0,0,0,0,0,0,0,0,0,0,0,0,0,0,0,0,0,0,0,0,0
2019,08,265000,045,0535,30780 ,00000 ,9614 ,999,99999, , ,81601      ,4,8,12,Glenwood Springs,0,0,0,1,2,400003,0,0,0,4,109,47051500,0,0,0,1,2,400003,0,0,0,4,109,47051500
2019,08,267000,059,0540,30835 ,00000 ,18867 ,216,19740, , ,80401      ,4,8,12,Golden,7,7,2700000,0,0,0,0,0,0,0,0,0,7,7,2700000,0,0,0,0,0,0,0,0,0
2019,08,269000,099,0545,31550 ,00000 ,517 ,999,99999, , ,81041      ,4,8,0,Granada town,0,0,0,0,0,0,0,0,0,0,0,0,0,0,0,0,0,0,0,0,0,0,0,0
2019,08,273000,049,    ,99990 ,00000 ,8178 ,999,99999,2, ,80451      ,4,8,12,Grand County Unincorporated Area,119,119,42784917,2,4,600497,0,0,0,0,0,0,119,119,42784917,2,4,600497,0,0,0,0,0,0
2019,08,279000,123,0570,32155 ,00000 ,92889 ,216,24540, ,1,80631      ,4,8,12,Greeley,170,170,42927644,0,0,0,6,22,4942072,25,675,85969899,170,170,42927644,0,0,0,6,22,4942072,25,675,85969899
2019,08,285000,005,0580,33035 ,00000 ,13925 ,216,19740, , ,80111      ,4,8,12,Greenwood Village,14,14,20089746,0,0,0,0,0,0,0,0,0,14,14,20089746,0,0,0,0,0,0,0,0,0
2019,08,287000,123,0585,33310 ,00000 ,137 ,216,24540, , ,80729      ,4,8,12,Grover town,0,0,0,0,0,0,0,0,0,0,0,0,0,0,0,0,0,0,0,0,0,0,0,0
2019,08,289000,051,0590,33640 ,00000 ,5854 ,999,99999, , ,81230      ,4,8,12,Gunnison,16,16,2390785,5,10,1749090,1,4,567383,5,42,4966194,16,16,2390785,5,10,1749090,1,4,567383,5,42,4966194
2019,08,291000,051,    ,99990 ,00000 ,6985 ,999,99999, , ,81230      ,4,8,12,Gunnison County Unincorporated Area,66,66,20680890,2,4,901079,3,11,3229385,0,0,0,66,66,20680890,2,4,901079,3,11,3229385,0,0,0
2019,08,293000,037,0595,33695 ,00000 ,6477 ,999,99999, , ,81637      ,4,8,12,Gypsum town,37,37,7913092,5,10,2774280,12,42,4697492,1,30,1026338,37,37,7913092,5,10,2774280,12,42,4697492,1,30,1026338
2019,08,299000,095,0610,34960 ,00000 ,946 ,999,99999, , ,80731      ,4,8,12,Haxtun town,1,1,105000,0,0,0,0,0,0,0,0,0,1,1,105000,0,0,0,0,0,0,0,0,0
2019,08,301000,107,0615,35070 ,00000 ,1810 ,999,99999,2, ,816390190  ,4,8,0,Hayden town,0,0,0,0,0,0,0,0,0,0,0,0,0,0,0,0,0,0,0,0,0,0,0,0
2019,08,303000,087,0620,36610 ,00000 ,264 ,999,99999, , ,80733      ,4,8,0,Hillrose town,0,0,0,0,0,0,0,0,0,0,0,0,0,0,0,0,0,0,0,0,0,0,0,0
2019,08,305000,053,    ,00000 ,00000 ,435 ,999,99999, , ,81235      ,4,8,0,Hinsdale County,9,9,3792825,0,0,0,0,0,0,0,0,0,0,0,0,0,0,0,0,0,0,0,0,0
2019,08,307000,099,0625,37215 ,00000 ,802 ,999,99999, , ,810470458  ,4,8,12,Holly town,0,0,0,0,0,0,0,0,0,0,0,0,0,0,0,0,0,0,0,0,0,0,0,0
2019,08,309000,095,0630,37270 ,00000 ,2313 ,999,99999, , ,80734      ,4,8,12,Holyoke,1,1,340000,1,2,180000,0,0,0,0,0,0,1,1,340000,1,2,180000,0,0,0,0,0,0
2019,08,311000,003,0635,37380 ,00000 ,103 ,999,99999, , ,811360001  ,4,8,0,Hooper town,0,0,0,0,0,0,0,0,0,0,0,0,0,0,0,0,0,0,0,0,0,0,0,0
2019,08,315000,029,0640,37545 ,00000 ,944 ,999,99999, , ,81419      ,4,8,12,Hotchkiss town,5,5,816756,0,0,0,0,0,0,0,0,0,5,5,816756,0,0,0,0,0,0,0,0,0
2019,08,317000,123,0650,37820 ,00000 ,2356 ,216,24540, , ,80642      ,4,8,12,Hudson town,1,1,150000,0,0,0,0,0,0,0,0,0,1,1,150000,0,0,0,0,0,0,0,0,0
2019,08,319000,055,    ,99990 ,00000 ,2843 ,999,99999, , ,81089      ,4,8,0,Huerfano County Unincorporated Area,37,37,6757862,0,0,0,0,0,0,0,0,0,0,0,0,0,0,0,0,0,0,0,0,0
2019,08,321000,073,0655,37875 ,00000 ,730 ,999,99999, , ,80821      ,4,8,12,Hugo town,6,6,1363505,0,0,0,0,0,0,0,0,0,6,6,1363505,0,0,0,0,0,0,0,0,0
2019,08,323000,019,0660,38370 ,00000 ,1717 ,216,19740, , ,80452      ,4,8,12,Idaho Springs,0,0,0,0,0,0,0,0,0,2,47,9500000,0,0,0,0,0,0,0,0,0,2,47,9500000
2019,08,325000,067,0665,38535 ,00000 ,697 ,999,99999, , ,81137      ,4,8,12,Ignacio town,3,3,270000,0,0,0,0,0,0,0,0,0,3,3,270000,0,0,0,0,0,0,0,0,0
2019,08,327000,075,0670,38590 ,00000 ,266 ,999,99999, , ,807360194  ,4,8,12,Iliff town,0,0,0,0,0,0,0,0,0,0,0,0,0,0,0,0,0,0,0,0,0,0,0,0
2019,08,329000,057,    ,99990 ,00000 ,786 ,999,99999, , ,804801019  ,4,8,0,Jackson County Unincorporated Area,4,4,1647000,0,0,0,0,0,0,0,0,0,0,0,0,0,0,0,0,0,0,0,0,0
2019,08,333000,059,    ,99990 ,00000 ,187757 ,216,19740, , ,804193540  ,4,8,12,Jefferson County Unincorporated Area,207,207,90207866,0,0,0,0,0,0,2,334,41713975,207,207,90207866,0,0,0,0,0,0,2,334,41713975
2019,08,335000,123,0690,39855 ,00000 ,9350 ,216,24540,2, ,805340609  ,4,8,12,Johnstown town,86,86,20197073,0,0,0,0,0,0,0,0,0,86,86,20197073,0,0,0,0,0,0,0,0,0
2019,08,337000,115,0695,39965 ,00000 ,1225 ,999,99999, , ,80737      ,4,8,12,Julesburg town,0,0,0,0,0,0,0,0,0,0,0,0,0,0,0,0,0,0,0,0,0,0,0,0
2019,08,339000,123,0700,40185 ,00000 ,1127 ,216,24540, , ,80643      ,4,8,12,Keenesburg town,4,4,602792,0,0,0,0,0,0,0,0,0,4,4,602792,0,0,0,0,0,0,0,0,0
2019,08,341000,123,0710,40515 ,00000 ,1454 ,216,24540, , ,80644      ,4,8,12,Kersey town,7,7,1477936,0,0,0,0,0,0,0,0,0,7,7,1477936,0,0,0,0,0,0,0,0,0
2019,08,345000,061,    ,99990 ,00000 ,633 ,999,99999, , ,81036      ,4,8,12,Kiowa County Unincorporated Area,3,3,471000,0,0,0,0,0,0,0,0,0,3,3,471000,0,0,0,0,0,0,0,0,0
2019,08,347000,039,0715,40790 ,00000 ,723 ,216,19740, , ,80117      ,4,8,12,Kiowa town,3,3,427000,0,0,0,0,0,0,0,0,0,3,3,427000,0,0,0,0,0,0,0,0,0
2019,08,351000,017,0720,41010 ,00000 ,233 ,999,99999, , ,80825      ,4,8,0,Kit Carson town,0,0,0,0,0,0,0,0,0,0,0,0,0,0,0,0,0,0,0,0,0,0,0,0
2019,08,355000,021,0740,42055 ,00000 ,818 ,999,99999, , ,81140      ,4,8,12,La Jara town,1,1,150000,0,0,0,0,0,0,0,0,0,1,1,150000,0,0,0,0,0,0,0,0,0
2019,08,357000,089,0745,42110 ,00000 ,7077 ,999,99999, , ,81050      ,4,8,12,La Junta,1,1,240000,0,0,0,0,0,0,0,0,0,1,1,240000,0,0,0,0,0,0,0,0,0
2019,08,359000,067,    ,99990 ,00000 ,31417 ,999,99999, , ,81301      ,4,8,12,La Plata County Unincorporated Area,150,150,87928822,0,0,0,0,0,0,0,0,0,150,150,87928822,0,0,0,0,0,0,0,0,0
2019,08,361000,123,0775,43605 ,00000 ,1955 ,216,24540, , ,80645      ,4,8,12,La Salle town,0,0,0,0,0,0,0,0,0,0,0,0,0,0,0,0,0,0,0,0,0,0,0,0
2019,08,363000,055,0785,44100 ,00000 ,800 ,999,99999, , ,81055      ,4,8,12,La Veta town,0,0,0,0,0,0,0,0,0,0,0,0,0,0,0,0,0,0,0,0,0,0,0,0
2019,08,365000,013,0735,41835 ,00000 ,24453 ,216,14500, , ,80026      ,4,8,12,Lafayette,97,97,22770083,0,0,0,0,0,0,3,81,9379311,97,97,22770083,0,0,0,0,0,0,3,81,9379311
2019,08,369000,065,    ,99990 ,00000 ,4708 ,999,99999,2, ,80461      ,4,8,12,Lake County,28,28,6464342,0,0,0,3,9,748743,0,0,0,28,28,6464342,0,0,0,3,9,748743,0,0,0
2019,08,371000,059,0755,42495 ,00000 ,8 ,216,19740,2, ,80237      ,4,8,0,Lakeside town,0,0,0,0,0,0,0,0,0,0,0,0,0,0,0,0,0,0,0,0,0,0,0,0
2019,08,373000,059,0760,43000 ,00000 ,142980 ,216,19740, ,1,80226      ,4,8,12,Lakewood,235,235,36194137,16,32,5512505,0,0,0,10,648,93193703,235,235,36194137,16,32,5512505,0,0,0,10,648,93193703
2019,08,375000,099,0765,43110 ,00000 ,7804 ,999,99999, , ,81052      ,4,8,12,Lamar,2,2,265000,0,0,0,0,0,0,0,0,0,2,2,265000,0,0,0,0,0,0,0,0,0
2019,08,377000,069,    ,99990 ,00000 ,65860 ,999,22660, , ,805221190  ,4,8,12,Larimer County Unincorporated Area,144,144,47934878,3,6,1012657,0,0,0,0,0,0,144,144,47934878,3,6,1012657,0,0,0,0,0,0
2019,08,381000,011,0780,43660 ,00000 ,2410 ,999,99999, , ,81054      ,4,8,12,Las Animas,1,1,7000,0,0,0,0,0,0,0,0,0,1,1,7000,0,0,0,0,0,0,0,0,0
2019,08,383000,071,    ,99990 ,00000 ,5537 ,999,99999,2, ,81082      ,4,8,12,Las Animas County Unincorporated Area,28,28,4043000,0,0,0,0,0,0,0,0,0,28,28,4043000,0,0,0,0,0,0,0,0,0
2019,08,385000,065,0790,44320 ,00000 ,2602 ,999,99999,2, ,80461      ,4,8,0,Leadville,0,0,0,0,0,0,0,0,0,0,0,0,0,0,0,0,0,0,0,0,0,0,0,0
2019,08,387000,073,0800,44980 ,00000 ,1880 ,999,99999, , ,80828      ,4,8,12,Limon town,4,4,672205,0,0,0,0,0,0,0,0,0,4,4,672205,0,0,0,0,0,0,0,0,0
2019,08,389000,073,    ,99990 ,00000 ,2525 ,999,99999, , ,80821      ,4,8,0,Lincoln County Unincorporated Area,4,4,325000,0,0,0,0,0,0,0,0,0,0,0,0,0,0,0,0,0,0,0,0,0
2019,08,391000,005,0810,45255 ,00000 ,39328 ,216,19740,2, ,80165      ,4,8,12,Littleton,29,29,7919479,1,2,185742,0,0,0,2,65,10753090,29,29,7919479,1,2,185742,0,0,0,2,65,10753090
2019,08,395000,123,0813,45530 ,00000 ,4724 ,216,24540,2, ,806016416  ,4,8,12,Lochbuie town,144,144,31962814,0,0,0,0,0,0,0,0,0,144,144,31962814,0,0,0,0,0,0,0,0,0
2019,08,397000,087,0815,45695 ,00000 ,873 ,999,99999, , ,80705      ,4,8,12,Log Lane Village town,0,0,0,0,0,0,0,0,0,0,0,0,0,0,0,0,0,0,0,0,0,0,0,0
2019,08,399000,075,    ,99990 ,00000 ,6626 ,999,99999, , ,80751      ,4,8,12,Logan County Unincorporated Area,23,23,5808485,0,0,0,0,0,0,0,0,0,23,23,5808485,0,0,0,0,0,0,0,0,0
2019,08,399500,035,0817,45955 ,00000 ,10218 ,216,19740, , ,80124      ,4,8,12,Lone Tree,47,47,18051461,0,0,0,0,0,0,0,0,0,47,47,18051461,0,0,0,0,0,0,0,0,0
2019,08,401000,013,0820,45970 ,00000 ,86240 ,216,14500,2, ,80501      ,4,8,12,Longmont,427,427,148754680,0,0,0,0,0,0,23,539,67793522,427,427,148754680,0,0,0,0,0,0,23,539,67793522
2019,08,403000,013,0825,46355 ,00000 ,18376 ,216,14500, , ,80027      ,4,8,12,Louisville,32,32,7618577,0,0,0,0,0,0,0,0,0,32,32,7618577,0,0,0,0,0,0,0,0,0
2019,08,405000,069,2640,46465 ,00000 ,66859 ,999,22660, , ,80537      ,4,8,12,Loveland,237,237,62720826,1,2,145500,0,0,0,1,58,13794812,237,237,62720826,1,2,145500,0,0,0,1,58,13794812
2019,08,407000,013,0835,47070 ,00000 ,2033 ,216,14500, , ,80540      ,4,8,12,Lyons town,1,1,500000,0,0,0,0,0,0,0,0,0,1,1,500000,0,0,0,0,0,0,0,0,0
2019,08,411000,083,0845,48115 ,00000 ,1336 ,999,99999, , ,81328      ,4,8,12,Mancos town,4,4,510000,0,0,0,0,0,0,0,0,0,4,4,510000,0,0,0,0,0,0,0,0,0
2019,08,415000,089,0855,48500 ,00000 ,434 ,999,99999, , ,81068      ,4,8,12,Manzanola town,0,0,0,0,0,0,0,0,0,0,0,0,0,0,0,0,0,0,0,0,0,0,0,0
2019,08,417000,051,0860,48555 ,00000 ,131 ,999,99999, , ,81623      ,4,8,0,Marble town,2,2,800000,0,0,0,0,0,0,0,0,0,0,0,0,0,0,0,0,0,0,0,0,0
2019,08,419000,123,0865,49600 ,00000 ,3405 ,216,24540, , ,80542      ,4,8,0,Mead town,6,6,1898346,0,0,0,0,0,0,0,0,0,0,0,0,0,0,0,0,0,0,0,0,0
2019,08,421000,103,0875,49875 ,00000 ,2475 ,999,99999, , ,81641      ,4,8,12,Meeker town,0,0,0,0,0,0,0,0,0,0,0,0,0,0,0,0,0,0,0,0,0,0,0,0
2019,08,423000,075,0880,50040 ,00000 ,284 ,999,99999, , ,80741      ,4,8,0,Merino town,0,0,0,0,0,0,0,0,0,0,0,0,0,0,0,0,0,0,0,0,0,0,0,0
2019,08,425000,077,    ,00000 ,00000 ,71607 ,999,24300, , ,815025001  ,4,8,12,Mesa County,678,678,128038320,7,14,1772923,0,0,0,4,126,9309566,678,678,128038320,7,14,1772923,0,0,0,4,126,9309566
2019,08,427000,123,0885,50480 ,00000 ,5610 ,216,24540, , ,80543      ,4,8,12,Milliken town,108,108,28115441,0,0,0,0,0,0,0,0,0,108,108,28115441,0,0,0,0,0,0,0,0,0
2019,08,429000,079,    ,99990 ,00000 ,422 ,999,99999, , ,81130      ,4,8,12,Mineral County Unincorporated Area,20,20,3564640,0,0,0,0,0,0,0,0,0,20,20,3564640,0,0,0,0,0,0,0,0,0
2019,08,431000,037,0890,50920 ,00000 ,1027 ,999,99999, , ,816450309  ,4,8,0,Minturn town,2,2,545000,0,0,0,0,0,0,0,0,0,0,0,0,0,0,0,0,0,0,0,0,0
2019,08,433000,081,    ,99990 ,00000 ,3992 ,999,99999,2, ,81625      ,4,8,12,Moffat County Unincorporated Area,7,7,1316000,0,0,0,0,0,0,0,0,0,7,7,1316000,0,0,0,0,0,0,0,0,0
2019,08,435000,109,0895,51250 ,00000 ,116 ,999,99999, , ,81143      ,4,8,12,Moffat town,0,0,0,0,0,0,0,0,0,0,0,0,0,0,0,0,0,0,0,0,0,0,0,0
2019,08,443000,085,0910,51745 ,00000 ,19132 ,999,99999, , ,81402      ,4,8,12,Montrose,125,125,21267485,4,8,1036920,2,8,955300,0,0,0,125,125,21267485,4,8,1036920,2,8,955300,0,0,0
2019,08,445000,085,    ,99990 ,00000 ,19038 ,999,99999, , ,81401      ,4,8,12,Montrose County Unincorporated Area,96,96,1272830,0,0,0,0,0,0,0,0,0,96,96,1272830,0,0,0,0,0,0,0,0,0
2019,08,449000,087,    ,99990 ,00000 ,9351 ,999,99999, , ,80701      ,4,8,12,Morgan County Unincorporated Area,70,70,14640692,0,0,0,0,0,0,0,0,0,70,70,14640692,0,0,0,0,0,0,0,0,0
2019,08,451000,059,0920,52075 ,00000 ,428 ,216,19740, , ,804653001  ,4,8,12,Morrison town,0,0,0,0,0,0,0,0,0,0,0,0,0,0,0,0,0,0,0,0,0,0,0,0
2019,08,453000,051,0928,52570 ,00000 ,801 ,999,99999, , ,81225      ,4,8,0,Mount Crested Butte town,7,7,10306374,0,0,0,0,0,0,0,0,0,0,0,0,0,0,0,0,0,0,0,0,0
2019,08,455000,059,0925,52350 ,00000 ,507 ,216,19740, , ,80212      ,4,8,12,Mountain View town,1,1,400000,0,0,0,0,0,0,0,0,0,1,1,400000,0,0,0,0,0,0,0,0,0
2019,08,456000,113,0926,52550 ,00000 ,1320 ,999,99999, , ,81435      ,4,8,12,Mountain Village town,7,7,35332064,0,0,0,0,0,0,1,6,9742178,7,7,35332064,0,0,0,0,0,0,1,6,9742178
2019,08,457000,085,0930,53120 ,00000 ,546 ,999,99999, , ,81422      ,4,8,12,Naturita town,0,0,0,0,0,0,0,0,0,0,0,0,0,0,0,0,0,0,0,0,0,0,0,0
2019,08,459000,013,0935,53175 ,00000 ,1445 ,216,14500, , ,80466      ,4,8,12,Nederland town,6,6,1605000,1,2,247900,0,0,0,0,0,0,6,6,1605000,1,2,247900,0,0,0,0,0,0
2019,08,461000,045,0940,53395 ,00000 ,4518 ,999,99999, , ,81647      ,4,8,12,New Castle town,2,2,390930,2,4,1238414,0,0,0,0,0,0,2,2,390930,2,4,1238414,0,0,0,0,0,0
2019,08,463000,001,0943,54330 ,00000 ,35777 ,216,19740,2, ,80233      ,4,8,12,Northglenn,2,2,869793,4,8,930631,0,0,0,0,0,0,2,2,869793,4,8,930631,0,0,0,0,0,0
2019,08,469000,085,0955,54935 ,00000 ,711 ,999,99999, , ,81424      ,4,8,12,Nucla town,0,0,0,0,0,0,0,0,0,0,0,0,0,0,0,0,0,0,0,0,0,0,0,0
2019,08,471000,123,0960,55045 ,00000 ,416 ,216,24540, , ,806480171  ,4,8,12,Nunn town,0,0,0,0,0,0,0,0,0,0,0,0,0,0,0,0,0,0,0,0,0,0,0,0
2019,08,475000,085,0970,55540 ,00000 ,1849 ,999,99999, , ,81425      ,4,8,12,Olathe town,0,0,0,0,0,0,0,0,0,0,0,0,0,0,0,0,0,0,0,0,0,0,0,0
2019,08,477000,025,0975,55705 ,00000 ,345 ,999,99999, , ,810620156  ,4,8,12,Olney Springs town,0,0,0,0,0,0,0,0,0,0,0,0,0,0,0,0,0,0,0,0,0,0,0,0
2019,08,479000,113,0980,55870 ,00000 ,159 ,999,99999, , ,81426      ,4,8,12,Ophir town,1,1,250000,0,0,0,0,0,0,0,0,0,1,1,250000,0,0,0,0,0,0,0,0,0
2019,08,481000,029,0985,55980 ,00000 ,3119 ,999,99999, , ,814108258  ,4,8,12,Orchard City town,15,15,2397339,0,0,0,0,0,0,0,0,0,15,15,2397339,0,0,0,0,0,0,0,0,0
2019,08,483000,025,0995,56145 ,00000 ,1080 ,999,99999, , ,81063      ,4,8,12,Ordway town,0,0,0,0,0,0,0,0,0,0,0,0,0,0,0,0,0,0,0,0,0,0,0,0
2019,08,485000,089,    ,99990 ,00000 ,5312 ,999,99999, , ,81050      ,4,8,12,Otero County Unincorporated Area,2,2,850000,0,0,0,0,0,0,0,0,0,2,2,850000,0,0,0,0,0,0,0,0,0
2019,08,489000,091,1005,56420 ,00000 ,1000 ,999,99999, , ,81427      ,4,8,0,Ouray,2,2,1000000,0,0,0,1,4,920000,1,6,980000,0,0,0,0,0,0,0,0,0,0,0,0
2019,08,491000,091,    ,99990 ,00000 ,2512 ,999,99999, , ,814320028  ,4,8,0,Ouray County Unincorporated Area,35,35,14202402,0,0,0,0,0,0,0,0,0,0,0,0,0,0,0,0,0,0,0,0,0
2019,08,493000,115,1010,56475 ,00000 ,318 ,999,99999, , ,80744      ,4,8,12,Ovid town,0,0,0,0,0,0,0,0,0,0,0,0,0,0,0,0,0,0,0,0,0,0,0,0
2019,08,495000,007,1015,56860 ,00000 ,1727 ,999,99999, , ,811471859  ,4,8,12,Pagosa Springs town,21,21,4400000,3,6,1380000,0,0,0,0,0,0,21,21,4400000,3,6,1380000,0,0,0,0,0,0
2019,08,501000,095,1030,57245 ,00000 ,34 ,999,99999, , ,80746      ,4,8,12,Paoli town,0,0,0,0,0,0,0,0,0,0,0,0,0,0,0,0,0,0,0,0,0,0,0,0
2019,08,503000,029,1035,57300 ,00000 ,1451 ,999,99999, , ,81428      ,4,8,12,Paonia town,2,2,596000,1,2,275000,0,0,0,0,0,0,2,2,596000,1,2,275000,0,0,0,0,0,0
2019,08,505000,045,1037,57400 ,00000 ,1085 ,999,99999, , ,81632      ,4,8,0,Parachute town,2,2,355216,0,0,0,0,0,0,0,0,0,0,0,0,0,0,0,0,0,0,0,0,0
2019,08,507000,093,    ,99990 ,00000 ,15257 ,216,19740, , ,80440      ,4,8,12,Park County Unincorporated Area,172,172,46097729,0,0,0,0,0,0,0,0,0,172,172,46097729,0,0,0,0,0,0,0,0,0
2019,08,509000,035,1039,57630 ,00000 ,45297 ,216,19740, , ,80134      ,4,8,12,Parker town,417,417,148208079,0,0,0,0,0,0,2,58,10322595,417,417,148208079,0,0,0,0,0,0,2,58,10322595
2019,08,511000,075,1040,58235 ,00000 ,238 ,999,99999, , ,807470007  ,4,8,12,Peetz town,0,0,0,0,0,0,0,0,0,0,0,0,0,0,0,0,0,0,0,0,0,0,0,0
2019,08,513000,095,    ,99990 ,00000 ,1149 ,999,99999, , ,80734      ,4,8,12,Phillips County Unincorporated Area,1,1,263000,0,0,0,0,0,0,0,0,0,1,1,263000,0,0,0,0,0,0,0,0,0
2019,08,515000,123,1045,59005 ,00000 ,834 ,216,24540, , ,80650      ,4,8,12,Pierce town,0,0,0,0,0,0,0,0,0,0,0,0,0,0,0,0,0,0,0,0,0,0,0,0
2019,08,517000,097,    ,99990 ,00000 ,6733 ,999,99999, , ,81611      ,4,8,12,Pitkin County Unincorporated Area,28,28,82294609,0,0,0,0,0,0,0,0,0,28,28,82294609,0,0,0,0,0,0,0,0,0
2019,08,519000,051,1050,59830 ,00000 ,66 ,999,99999, , ,81241      ,4,8,0,Pitkin town,0,0,0,0,0,0,0,0,0,0,0,0,0,0,0,0,0,0,0,0,0,0,0,0
2019,08,521000,123,1055,60160 ,00000 ,2485 ,216,24540, , ,806517503  ,4,8,12,Platteville town,1,1,140000,0,0,0,0,0,0,0,0,0,1,1,140000,0,0,0,0,0,0,0,0,0
2019,08,529000,099,    ,99990 ,00000 ,2942 ,999,99999, , ,81052      ,4,8,12,Prowers County Unincorporated Area,1,1,282835,0,0,0,0,0,0,0,0,0,1,1,282835,0,0,0,0,0,0,0,0,0
2019,08,533000,101,    ,99990 ,00000 ,51976 ,444,39380,2, ,81003      ,4,8,12,Pueblo County Unincorporated Area,484,484,78252607,0,0,0,1,4,509924,0,0,0,484,484,78252607,0,0,0,1,4,509924,0,0,0
2019,08,535000,041,1090,62660 ,00000 ,123 ,999,17820, , ,808320129  ,4,8,12,Ramah town,0,0,0,0,0,0,0,0,0,0,0,0,0,0,0,0,0,0,0,0,0,0,0,0
2019,08,537000,103,1095,62880 ,00000 ,2365 ,999,99999, , ,816483048  ,4,8,12,Rangely town,0,0,0,0,0,0,0,0,0,0,0,0,0,0,0,0,0,0,0,0,0,0,0,0
2019,08,541000,037,1110,63265 ,00000 ,267 ,999,99999, , ,816490040  ,4,8,12,Red Cliff town,0,0,0,1,2,607320,2,7,1766940,0,0,0,0,0,0,1,2,607320,2,7,1766940,0,0,0
2019,08,543000,033,1115,64090 ,00000 ,265 ,999,99999, , ,81332      ,4,8,12,Rico town,4,4,1100000,0,0,0,0,0,0,0,0,0,4,4,1100000,0,0,0,0,0,0,0,0,0
2019,08,545000,091,1120,64200 ,00000 ,924 ,999,99999, , ,814320010  ,4,8,12,Ridgway town,14,14,4645840,0,0,0,0,0,0,0,0,0,14,14,4645840,0,0,0,0,0,0,0,0,0
2019,08,547000,045,1125,64255 ,00000 ,9172 ,999,99999, , ,816501908  ,4,8,12,Rifle,11,11,2795192,1,2,486906,0,0,0,0,0,0,11,11,2795192,1,2,486906,0,0,0,0,0,0
2019,08,549000,103,    ,99990 ,00000 ,1826 ,999,99999, , ,816410599  ,4,8,12,Rio Blanco County Unincorporated Area,9,9,2813222,0,0,0,0,0,0,0,0,0,9,9,2813222,0,0,0,0,0,0,0,0,0
2019,08,551000,105,    ,99990 ,00000 ,5248 ,999,99999,2, ,81132      ,4,8,12,Rio Grande County Unincorporated Area,14,14,2862530,2,4,181462,0,0,0,0,0,0,14,14,2862530,2,4,181462,0,0,0,0,0,0
2019,08,553000,043,1130,64970 ,00000 ,487 ,999,99999, , ,812440091  ,4,8,12,Rockvale town,4,4,535000,0,0,0,0,0,0,0,0,0,4,4,535000,0,0,0,0,0,0,0,0,0
2019,08,555000,089,1135,65190 ,00000 ,3957 ,999,99999, , ,810671702  ,4,8,0,Rocky Ford,0,0,0,0,0,0,0,0,0,0,0,0,0,0,0,0,0,0,0,0,0,0,0,0
2019,08,559000,107,    ,99990 ,00000 ,8298 ,999,99999,2, ,80487      ,4,8,12,Routt County,161,161,95777375,0,0,0,0,0,0,6,89,12088000,161,161,95777375,0,0,0,0,0,0,6,89,12088000
2019,08,563000,109,    ,99990 ,00000 ,3352 ,999,99999, , ,81149      ,4,8,12,Saguache County Unincorporated Area,67,67,6281620,0,0,0,0,0,0,0,0,0,67,67,6281620,0,0,0,0,0,0,0,0,0
2019,08,565000,109,1155,67005 ,00000 ,485 ,999,99999, , ,811490417  ,4,8,12,Saguache town,0,0,0,0,0,0,0,0,0,0,0,0,0,0,0,0,0,0,0,0,0,0,0,0
2019,08,569000,111,    ,99990 ,00000 ,62 ,999,99999, , ,81433      ,4,8,12,San Juan County Unincorporated Area,3,3,538000,0,0,0,0,0,0,0,0,0,3,3,538000,0,0,0,0,0,0,0,0,0
2019,08,571000,023,1169,68105 ,00000 ,629 ,999,99999, , ,811520659  ,4,8,12,San Luis town,0,0,0,0,0,0,0,0,0,0,0,0,0,0,0,0,0,0,0,0,0,0,0,0
2019,08,573000,113,    ,99990 ,00000 ,2997 ,999,99999,2, ,81435      ,4,8,12,San Miguel County Unincorporated Area,22,22,21705895,0,0,0,0,0,0,0,0,0,22,22,21705895,0,0,0,0,0,0,0,0,0
2019,08,577000,113,1175,68655 ,00000 ,40 ,999,99999, , ,814300248  ,4,8,12,Sawpit town,0,0,0,0,0,0,0,0,0,0,0,0,0,0,0,0,0,0,0,0,0,0,0,0
2019,08,579000,115,    ,99990 ,00000 ,690 ,999,99999, , ,80737      ,4,8,12,Sedgwick County Unincorporated Area,2,2,404000,0,0,0,0,0,0,0,0,0,2,2,404000,0,0,0,0,0,0,0,0,0
2019,08,581000,115,1185,68930 ,00000 ,146 ,999,99999, , ,80749      ,4,8,12,Sedgwick town,0,0,0,0,0,0,0,0,0,0,0,0,0,0,0,0,0,0,0,0,0,0,0,0
2019,08,583000,063,1190,69040 ,00000 ,181 ,999,99999, , ,80834      ,4,8,12,Seibert town,0,0,0,0,0,0,0,0,0,0,0,0,0,0,0,0,0,0,0,0,0,0,0,0
2019,08,585000,123,1195,69150 ,00000 ,3165 ,216,24540, , ,80546      ,4,8,12,Severance town,413,413,108933023,0,0,0,0,0,0,0,0,0,413,413,108933023,0,0,0,0,0,0,0,0,0
2019,08,587000,005,1200,69645 ,00000 ,5664 ,216,19740, , ,80110      ,4,8,0,Sheridan,13,13,2162327,1,2,247333,4,12,1396207,0,0,0,0,0,0,0,0,0,0,0,0,0,0,0
2019,08,591000,045,1210,70195 ,00000 ,2930 ,999,99999, , ,81652      ,4,8,12,Silt town,6,6,1033000,2,4,799902,0,0,0,0,0,0,6,6,1033000,2,4,799902,0,0,0,0,0,0
2019,08,593000,027,1215,70250 ,00000 ,587 ,999,99999, , ,81249      ,4,8,12,Silver Cliff town,7,7,1701000,0,0,0,0,0,0,0,0,0,7,7,1701000,0,0,0,0,0,0,0,0,0
2019,08,595000,019,1220,70360 ,00000 ,170 ,216,19740, , ,80476      ,4,8,12,Silver Plume town,0,0,0,0,0,0,0,0,0,0,0,0,0,0,0,0,0,0,0,0,0,0,0,0
2019,08,597000,117,1222,70525 ,00000 ,3887 ,999,99999, , ,80498      ,4,8,12,Silverthorne town,126,126,55522444,0,0,0,0,0,0,4,54,10704870,126,126,55522444,0,0,0,0,0,0,4,54,10704870
2019,08,599000,111,1225,70580 ,00000 ,637 ,999,99999, , ,814330250  ,4,8,12,Silverton town,2,2,485000,1,2,194000,0,0,0,0,0,0,2,2,485000,1,2,194000,0,0,0,0,0,0
2019,08,601000,039,1230,70635 ,00000 ,618 ,216,19740, , ,80835      ,4,8,12,Simla town,0,0,0,0,0,0,0,0,0,0,0,0,0,0,0,0,0,0,0,0,0,0,0,0
2019,08,603000,097,1236,71755 ,00000 ,2826 ,999,99999, , ,81615      ,4,8,12,Snowmass Village town,4,4,10150000,0,0,0,0,0,0,0,0,0,4,4,10150000,0,0,0,0,0,0,0,0,0
2019,08,605000,009,1240,73330 ,00000 ,1451 ,999,99999, , ,81073      ,4,8,12,Springfield town,3,3,341536,0,0,0,0,0,0,0,0,0,3,3,341536,0,0,0,0,0,0,0,0,0
2019,08,611000,075,1255,73935 ,00000 ,14777 ,999,99999, , ,807510400  ,4,8,12,Sterling,1,1,163000,0,0,0,0,0,0,0,0,0,1,1,163000,0,0,0,0,0,0,0,0,0
2019,08,613000,063,1260,74485 ,00000 ,658 ,999,99999, , ,80836      ,4,8,12,Stratton town,0,0,0,0,0,0,0,0,0,0,0,0,0,0,0,0,0,0,0,0,0,0,0,0
2019,08,615000,025,1265,74815 ,00000 ,258 ,999,99999, , ,810760060  ,4,8,12,Sugar City town,1,1,86000,0,0,0,0,0,0,0,0,0,1,1,86000,0,0,0,0,0,0,0,0,0
2019,08,617000,117,    ,99990 ,00000 ,15066 ,999,99999,2, ,804435660  ,4,8,12,Summit County Unincorporated Area,81,81,63837771,1,2,449605,0,0,0,0,0,0,81,81,63837771,1,2,449605,0,0,0,0,0,0
2019,08,619000,013,1270,75640 ,00000 ,12483 ,216,14500,2, ,80027      ,4,8,12,Superior town,74,74,21583600,0,0,0,0,0,0,0,0,0,74,74,21583600,0,0,0,0,0,0,0,0,0
2019,08,623000,089,1275,75970 ,00000 ,617 ,999,99999, , ,81077      ,4,8,12,Swink town,1,1,350000,0,0,0,0,0,0,0,0,0,1,1,350000,0,0,0,0,0,0,0,0,0
2019,08,625000,119,    ,99990 ,00000 ,14536 ,999,17820,2, ,80866      ,4,8,12,Teller County Unincorporated Area,91,91,25378488,0,0,0,0,0,0,0,0,0,91,91,25378488,0,0,0,0,0,0,0,0,0
2019,08,627000,113,1280,76795 ,00000 ,2325 ,999,99999, , ,81435      ,4,8,0,Telluride town,4,4,4653820,0,0,0,0,0,0,1,11,7150000,0,0,0,0,0,0,0,0,0,0,0,0
2019,08,629000,001,1285,77290 ,00000 ,118772 ,216,19740,2, ,80229      ,4,8,12,Thornton,752,752,206751742,0,0,0,0,0,0,10,128,35307922,752,752,206751742,0,0,0,0,0,0,10,128,35307922
2019,08,631000,069,1290,77510 ,00000 ,625 ,999,22660,2, ,80547      ,4,8,12,Timnath town,384,384,122587580,0,0,0,0,0,0,0,0,0,384,384,122587580,0,0,0,0,0,0,0,0,0
2019,08,633000,071,1295,78610 ,00000 ,9096 ,999,99999, , ,81082      ,4,8,12,Trinidad,4,4,733000,0,0,0,0,0,0,2,26,2400000,4,4,733000,0,0,0,0,0,0,2,26,2400000
2019,08,637000,037,1307,80040 ,00000 ,5305 ,999,99999, , ,81657      ,4,8,12,Vail town,11,11,14778289,0,0,0,0,0,0,1,30,27150000,11,11,14778289,0,0,0,0,0,0,1,30,27150000
2019,08,639000,119,1310,80865 ,00000 ,397 ,999,17820, , ,80860      ,4,8,12,Victor,0,0,0,0,0,0,0,0,0,0,0,0,0,0,0,0,0,0,0,0,0,0,0,0
2019,08,645000,057,1325,82130 ,00000 ,608 ,999,99999, , ,80480      ,4,8,12,Walden town,1,1,125000,0,0,0,0,0,0,0,0,0,1,1,125000,0,0,0,0,0,0,0,0,0
2019,08,647000,055,1330,82350 ,00000 ,3068 ,999,99999, , ,81089      ,4,8,12,Walsenburg,0,0,0,0,0,0,0,0,0,0,0,0,0,0,0,0,0,0,0,0,0,0,0,0
2019,08,649000,009,1335,82460 ,00000 ,546 ,999,99999, , ,810900280  ,4,8,12,Walsh town,1,1,282835,0,0,0,0,0,0,0,0,0,1,1,282835,0,0,0,0,0,0,0,0,0
2019,08,651000,013,1340,82735 ,00000 ,150 ,216,14500, , ,80481      ,4,8,12,Ward town,3,3,50000,0,0,0,0,0,0,0,0,0,3,3,50000,0,0,0,0,0,0,0,0,0
2019,08,653000,121,    ,99990 ,00000 ,2637 ,999,99999, , ,80720      ,4,8,12,Washington County Unincorporated Area,8,8,1886000,0,0,0,0,0,0,0,0,0,8,8,1886000,0,0,0,0,0,0,0,0,0
2019,08,655000,123,    ,99990 ,00000 ,42473 ,216,24540, , ,80631      ,4,8,12,Weld County Unincorporated Area,157,157,52726636,0,0,0,0,0,0,0,0,0,157,157,52726636,0,0,0,0,0,0,0,0,0
2019,08,657000,069,1345,83230 ,00000 ,6289 ,999,22660, , ,80549      ,4,8,12,Wellington town,115,115,28963346,1,2,450000,0,0,0,10,58,12477136,115,115,28963346,1,2,450000,0,0,0,10,58,12477136
2019,08,659000,027,1350,83450 ,00000 ,568 ,999,99999, , ,81252      ,4,8,12,Westcliffe town,5,5,1043500,0,0,0,0,0,0,0,0,0,5,5,1043500,0,0,0,0,0,0,0,0,0
2019,08,661000,001,1355,83835 ,00000 ,63696 ,216,19740,2, ,80031      ,4,8,12,Westminster,108,108,29642441,0,0,0,0,0,0,3,242,28772039,108,108,29642441,0,0,0,0,0,0,3,242,28772039
2019,08,665000,059,1360,84440 ,00000 ,30166 ,216,19740, , ,800338001  ,4,8,12,Wheat Ridge,42,42,11139964,2,4,884799,1,4,765696,0,0,0,42,42,11139964,2,4,884799,1,4,765696,0,0,0
2019,08,667000,087,1363,84770 ,00000 ,893 ,999,99999, , ,806548933  ,4,8,0,Wiggins town,68,68,10208614,0,0,0,0,0,0,0,0,0,0,0,0,0,0,0,0,0,0,0,0,0
2019,08,671000,043,1370,85155 ,00000 ,662 ,999,99999, , ,81226      ,4,8,12,Williamsburg town,4,4,290000,0,0,0,0,0,0,0,0,0,4,4,290000,0,0,0,0,0,0,0,0,0
2019,08,673000,123,4560,85485 ,00000 ,14070 ,216,24540,2, ,80550      ,4,8,12,Windsor town,802,802,221902795,0,0,0,3,11,2560035,11,85,14647952,802,802,221902795,0,0,0,3,11,2560035,11,85,14647952
2019,08,675000,049,1377,85705 ,00000 ,999 ,999,99999,2, ,80482      ,4,8,0,Winter Park town,84,84,28449228,0,0,0,0,0,0,1,16,2379362,0,0,0,0,0,0,0,0,0,0,0,0
2019,08,677000,119,1380,86090 ,00000 ,7200 ,999,17820, , ,80866      ,4,8,12,Woodland Park,29,29,12035548,0,0,0,0,0,0,0,0,0,29,29,12035548,0,0,0,0,0,0,0,0,0
2019,08,679000,125,1385,86310 ,00000 ,2342 ,999,99999, , ,80758      ,4,8,12,Wray,1,1,320000,0,0,0,0,0,0,0,0,0,1,1,320000,0,0,0,0,0,0,0,0,0
2019,08,683000,125,1395,86750 ,00000 ,3524 ,999,99999, , ,80759      ,4,8,12,Yuma,2,2,254250,1,2,90000,0,0,0,0,0,0,2,2,254250,1,2,90000,0,0,0,0,0,0
