Survey,State,6-Digit,County,Census Place,FIPS Place,FIPS MCD,Pop,CSA,CBSA,Footnote,Central,Zip,Region,Division,Number of,Place,,1-unit,,,2-units,,,3-4 units,,,5+ units,,,1-unit rep,,,2-units rep,,,3-4 units rep,,,5+ units rep
Date,Code,ID,Code,Code,Code,Code,  ,Code,Code,Code,City,Code,Code,Code,Months Rep,Name,Bldgs,Units,Value,Bldgs,Units,Value,Bldgs,Units,Value,Bldgs,Units,Value,Bldgs,Units,Value,Bldgs,Units,Value,Bldgs,Units,Value,Bldgs,Units,Value
2024,08,001000,001,    ,99990 ,00000 ,97489 ,216,19740, , ,80601      ,4,8,12,Adams County Unincorporated Area,370,370,114688114,0,0,0,0,0,0,2,10,1207323,370,370,114688114,0,0,0,0,0,0,2,10,1207323
2024,08,003000,071,0005,00760 ,00000 ,479 ,999,99999, , ,81020      ,4,8,12,Aguilar town,1,1,75000,0,0,0,0,0,0,0,0,0,1,1,75000,0,0,0,0,0,0,0,0,0
2024,08,005000,121,0010,00925 ,00000 ,1682 ,999,99999, , ,80720      ,4,8,12,Akron town,0,0,0,0,0,0,0,0,0,0,0,0,0,0,0,0,0,0,0,0,0,0,0,0
2024,08,007000,003,0015,01090 ,00000 ,9367 ,999,10480, ,2,81101      ,4,8,12,Alamosa,4,4,1135605,6,12,1842965,0,0,0,0,0,0,4,4,1135605,6,12,1842965,0,0,0,0,0,0
2024,08,009000,003,    ,99990 ,00000 ,6709 ,999,10480, , ,81101      ,4,8,0,Alamosa County Unincorporated Area,35,35,6261314,0,0,0,0,0,0,0,0,0,0,0,0,0,0,0,0,0,0,0,0,0
2024,08,011000,093,0020,01530 ,00000 ,329 ,216,19740, , ,80420      ,4,8,12,Alma town,0,0,0,0,0,0,0,0,0,0,0,0,0,0,0,0,0,0,0,0,0,0,0,0
2024,08,013000,021,0025,02355 ,00000 ,752 ,999,10480, , ,81120      ,4,8,12,Antonito town,0,0,0,0,0,0,0,0,0,0,0,0,0,0,0,0,0,0,0,0,0,0,0,0
2024,08,015000,005,    ,99990 ,00000 ,94719 ,216,19740, , ,80112      ,4,8,10,Arapahoe County Unincorporated Area,535,535,164047784,0,0,0,10,40,5837670,23,151,15107715,457,457,141187059,0,0,0,10,40,5837670,21,112,9098223
2024,08,017000,007,    ,99990 ,00000 ,12064 ,999,99999, , ,81147      ,4,8,0,Archuleta County Unincorporated Area,107,107,34395811,1,2,487000,0,0,0,0,0,0,0,0,0,0,0,0,0,0,0,0,0,0
2024,08,023000,059,0040,03455 ,00000 ,118822 ,216,19740,2, ,80002      ,4,8,12,Arvada,364,364,112393263,0,0,0,0,0,0,0,0,0,364,364,112393263,0,0,0,0,0,0,0,0,0
2024,08,025000,097,0045,03620 ,00000 ,7657 ,233,40090, , ,81611      ,4,8,12,Aspen,14,14,114336199,0,0,0,3,12,4500000,0,0,0,14,14,114336199,0,0,0,3,12,4500000,0,0,0
2024,08,027000,123,0050,03950 ,00000 ,2126 ,216,24540, , ,80610      ,4,8,12,Ault town,0,0,0,0,0,0,0,0,0,0,0,0,0,0,0,0,0,0,0,0,0,0,0,0
2024,08,031000,005,0055,04000 ,00000 ,337361 ,216,19740,2,1,800121553  ,4,8,12,Aurora,1711,1711,354642848,0,0,0,0,0,0,11,663,100564285,1711,1711,354642848,0,0,0,0,0,0,11,663,100564285
2024,08,035000,037,0057,04110 ,00000 ,6952 ,233,20780, , ,816200975  ,4,8,12,Avon town,7,7,31405000,0,0,0,1,4,1500000,3,247,84741655,7,7,31405000,0,0,0,1,4,1500000,3,247,84741655
2024,08,039000,037,0060,04935 ,00000 ,3180 ,233,20780,2, ,81621      ,4,8,0,Basalt town,4,4,1438772,0,0,0,0,0,0,0,0,0,0,0,0,0,0,0,0,0,0,0,0,0
2024,08,043000,067,0065,05265 ,00000 ,2586 ,999,20420, , ,81122      ,4,8,9,Bayfield town,20,20,8103474,0,0,0,0,0,0,0,0,0,17,17,7041741,0,0,0,0,0,0,0,0,0
2024,08,045000,001,0075,06090 ,00000 ,2564 ,216,19740,2, ,801027806  ,4,8,12,Bennett town,105,105,32496571,0,0,0,0,0,0,0,0,0,105,105,32496571,0,0,0,0,0,0,0,0,0
2024,08,047000,011,    ,99990 ,00000 ,3228 ,999,99999, , ,81054      ,4,8,12,Bent County Unincorporated Area,0,0,0,0,0,0,0,0,0,0,0,0,0,0,0,0,0,0,0,0,0,0,0,0
2024,08,049000,069,0080,06255 ,00000 ,10668 ,999,22660,2, ,80513      ,4,8,12,Berthoud town,226,226,103398967,0,0,0,0,0,0,0,0,0,226,226,103398967,0,0,0,0,0,0,0,0,0
2024,08,051000,063,0085,06530 ,00000 ,235 ,999,99999, , ,80805      ,4,8,12,Bethune town,3,3,450000,0,0,0,0,0,0,0,0,0,3,3,450000,0,0,0,0,0,0,0,0,0
2024,08,053000,047,0090,07025 ,00000 ,131 ,216,19740, , ,80422      ,4,8,12,Black Hawk,0,0,0,0,0,0,0,0,0,0,0,0,0,0,0,0,0,0,0,0,0,0,0,0
2024,08,055000,023,0095,07190 ,00000 ,407 ,999,10480, , ,81123      ,4,8,0,Blanca town,0,0,0,0,0,0,0,0,0,0,0,0,0,0,0,0,0,0,0,0,0,0,0,0
2024,08,057000,117,0097,07410 ,00000 ,928 ,999,14720, , ,80424      ,4,8,12,Blue River town,7,7,3356410,0,0,0,0,0,0,0,0,0,7,7,3356410,0,0,0,0,0,0,0,0,0
2024,08,063000,013,0110,07850 ,00000 ,107645 ,216,14500, ,1,803060791  ,4,8,12,Boulder,35,35,21128945,3,6,2154302,1,4,942982,6,361,100481661,35,35,21128945,3,6,2154302,1,4,942982,6,361,100481661
2024,08,065000,013,    ,99990 ,00000 ,43885 ,216,14500,2, ,80306      ,4,8,12,Boulder County Unincorporated Area,55,55,60111176,0,0,0,0,0,0,0,0,0,55,55,60111176,0,0,0,0,0,0,0,0,0
2024,08,067000,005,0115,08070 ,00000 ,667 ,216,19740,2, ,801231586  ,4,8,12,Bow Mar town,0,0,0,0,0,0,0,0,0,0,0,0,0,0,0,0,0,0,0,0,0,0,0,0
2024,08,073000,117,0125,08400 ,00000 ,4954 ,999,14720, ,2,80424      ,4,8,12,Breckenridge town,74,74,76518306,0,0,0,0,0,0,1,11,3069600,74,74,76518306,0,0,0,0,0,0,1,11,3069600
2024,08,075000,001,0130,08675 ,00000 ,39123 ,216,19740,2, ,80601      ,4,8,12,Brighton,655,655,257870382,0,0,0,0,0,0,3,72,10488364,655,655,257870382,0,0,0,0,0,0,3,72,10488364
2024,08,079000,043,0140,09115 ,00000 ,261 ,444,15860, , ,81212      ,4,8,12,Brookside town,0,0,0,0,0,0,0,0,0,0,0,0,0,0,0,0,0,0,0,0,0,0,0,0
2024,08,083000,014,0143,09280 ,00000 ,72236 ,216,19740,2,1,80020      ,4,8,12,Broomfield,57,57,25645883,0,0,0,4,13,3608172,20,335,47821740,57,57,25645883,0,0,0,4,13,3608172,20,335,47821740
2024,08,089000,087,0150,09555 ,00000 ,5438 ,999,22820, , ,80723      ,4,8,0,Brush,1,1,131902,0,0,0,1,3,551250,0,0,0,0,0,0,0,0,0,0,0,0,0,0,0
2024,08,093000,063,0160,10600 ,00000 ,3126 ,999,99999, , ,80807      ,4,8,12,Burlington,1,1,98000,0,0,0,0,0,0,0,0,0,1,1,98000,0,0,0,0,0,0,0,0,0
2024,08,095000,041,0165,11260 ,00000 ,827 ,999,17820, , ,808088203  ,4,8,12,Calhan town,1,1,243650,0,0,0,0,0,0,0,0,0,1,1,243650,0,0,0,0,0,0,0,0,0
2024,08,099000,043,0610,11810 ,00000 ,16536 ,444,15860, ,2,812151460  ,4,8,12,Canon City,25,25,9380540,0,0,0,0,0,0,0,0,0,25,25,9380540,0,0,0,0,0,0,0,0,0
2024,08,101000,045,0180,12045 ,00000 ,6729 ,233,40090, , ,81623      ,4,8,12,Carbondale town,14,14,12628766,1,2,1661068,0,0,0,0,0,0,14,14,12628766,1,2,1661068,0,0,0,0,0,0
2024,08,102900,035,0186,12387 ,00000 ,11664 ,216,19740, , ,801084601  ,4,8,12,Castle Pines,200,200,62045465,0,0,0,0,0,0,0,0,0,200,200,62045465,0,0,0,0,0,0,0,0,0
2024,08,103000,035,0188,12415 ,00000 ,70567 ,216,19740, , ,80104      ,4,8,12,Castle Rock town,375,375,207316106,2,4,865999,0,0,0,2,44,3627439,375,375,207316106,2,4,865999,0,0,0,2,44,3627439
2024,08,105000,029,0190,12635 ,00000 ,2313 ,999,99999, , ,81413      ,4,8,0,Cedaredge town,13,13,2869895,0,0,0,0,0,0,0,0,0,0,0,0,0,0,0,0,0,0,0,0,0
2024,08,106000,005,0193,12815 ,00000 ,110156 ,216,19740, ,1,80112      ,4,8,12,Centennial,23,23,18454030,0,0,0,1,3,232721,0,0,0,23,23,18454030,0,0,0,1,3,232721,0,0,0
2024,08,109000,109,0195,12855 ,00000 ,2188 ,999,99999,2, ,81125      ,4,8,12,Center town,1,1,416234,0,0,0,0,0,0,0,0,0,1,1,416234,0,0,0,0,0,0,0,0,0
2024,08,111000,047,0200,12900 ,00000 ,730 ,216,19740,2, ,80427      ,4,8,12,Central,5,5,1500000,0,0,0,0,0,0,0,0,0,5,5,1500000,0,0,0,0,0,0,0,0,0
2024,08,113000,015,    ,00000 ,00000 ,10721 ,999,99999, , ,81201      ,4,8,12,Chaffee County,274,274,95624943,3,6,1383591,3,9,2282632,0,0,0,274,274,95624943,3,6,1383591,3,9,2282632,0,0,0
2024,08,117000,005,0210,13845 ,00000 ,6620 ,216,19740, , ,80113      ,4,8,12,Cherry Hills Village,11,11,28577000,0,0,0,0,0,0,0,0,0,11,11,28577000,0,0,0,0,0,0,0,0,0
2024,08,119000,017,    ,99990 ,00000 ,751 ,999,99999, , ,808100567  ,4,8,12,Cheyenne County Unincorporated Area,2,2,832469,0,0,0,0,0,0,0,0,0,2,2,832469,0,0,0,0,0,0,0,0,0
2024,08,121000,017,0215,14175 ,00000 ,815 ,999,99999, , ,80810      ,4,8,12,Cheyenne Wells town,3,3,440000,0,0,0,0,0,0,0,0,0,3,3,440000,0,0,0,0,0,0,0,0,0
2024,08,123000,019,    ,99990 ,00000 ,6150 ,216,19740,2, ,80444      ,4,8,12,Clear Creek County Unincorporated Area,16,16,8865859,0,0,0,0,0,0,0,0,0,16,16,8865859,0,0,0,0,0,0,0,0,0
2024,08,125000,043,0225,15330 ,00000 ,350 ,444,15860, , ,81221      ,4,8,12,Coal Creek town,0,0,0,0,0,0,0,0,0,0,0,0,0,0,0,0,0,0,0,0,0,0,0,0
2024,08,133000,005,0244,16385 ,00000 ,1508 ,216,19740, , ,80123      ,4,8,9,Columbine Valley town,0,0,0,0,0,0,0,0,0,0,0,0,0,0,0,0,0,0,0,0,0,0,0,0
2024,08,135000,001,0245,16495 ,00000 ,59317 ,216,19740, ,1,80022      ,4,8,12,Commerce City,626,626,240292046,0,0,0,0,0,0,0,0,0,626,626,240292046,0,0,0,0,0,0,0,0,0
2024,08,137000,021,    ,99990 ,00000 ,4250 ,999,10480, , ,81129      ,4,8,12,Conejos County Unincorporated Area,16,16,6659749,0,0,0,0,0,0,0,0,0,16,16,6659749,0,0,0,0,0,0,0,0,0
2024,08,139000,083,0250,17375 ,00000 ,8734 ,999,99999, , ,81321      ,4,8,0,Cortez,16,16,4049052,0,0,0,0,0,0,0,0,0,0,0,0,0,0,0,0,0,0,0,0,0
2024,08,141000,023,    ,99990 ,00000 ,2822 ,999,10480, , ,81152      ,4,8,12,Costilla County Unincorporated Area,144,144,59937741,0,0,0,0,0,0,0,0,0,144,144,59937741,0,0,0,0,0,0,0,0,0
2024,08,143000,081,0255,17760 ,00000 ,8953 ,999,44460, , ,81625      ,4,8,12,Craig,1,1,150000,0,0,0,0,0,0,0,0,0,1,1,150000,0,0,0,0,0,0,0,0,0
2024,08,145000,029,0260,17925 ,00000 ,429 ,999,99999, , ,81415      ,4,8,12,Crawford town,1,1,50000,0,0,0,0,0,0,0,0,0,1,1,50000,0,0,0,0,0,0,0,0,0
2024,08,147000,079,0796,14765 ,00000 ,315 ,999,99999, , ,81130      ,4,8,12,City of Creede town,3,3,460730,0,0,0,0,0,0,0,0,0,3,3,460730,0,0,0,0,0,0,0,0,0
2024,08,149000,051,0270,18310 ,00000 ,1682 ,999,99999, , ,81224      ,4,8,12,Crested Butte town,8,8,17058152,0,0,0,0,0,0,3,34,8291484,8,8,17058152,0,0,0,0,0,0,3,34,8291484
2024,08,150000,109,0275,18420 ,00000 ,138 ,999,99999, , ,81131      ,4,8,12,Crestone town,0,0,0,0,0,0,0,0,0,1,24,5600000,0,0,0,0,0,0,0,0,0,1,24,5600000
2024,08,151000,119,0280,18530 ,00000 ,1266 ,999,17820, , ,80813      ,4,8,12,Cripple Creek,13,13,5411046,0,0,0,0,0,0,0,0,0,13,13,5411046,0,0,0,0,0,0,0,0,0
2024,08,153000,075,0285,18640 ,00000 ,110 ,999,44540, , ,80726      ,4,8,12,Crook town,0,0,0,0,0,0,0,0,0,0,0,0,0,0,0,0,0,0,0,0,0,0,0,0
2024,08,155000,025,    ,99990 ,00000 ,3948 ,999,99999, , ,81063      ,4,8,0,Crowley County Unincorporated Area,4,4,1348344,0,0,0,0,0,0,0,0,0,0,0,0,0,0,0,0,0,0,0,0,0
2024,08,157000,025,0290,18750 ,00000 ,166 ,999,99999, , ,810330036  ,4,8,12,Crowley town,0,0,0,0,0,0,0,0,0,0,0,0,0,0,0,0,0,0,0,0,0,0,0,0
2024,08,159000,027,    ,99990 ,00000 ,3750 ,999,99999, , ,81252      ,4,8,0,Custer County Unincorporated Area,100,100,31684327,0,0,0,0,0,0,0,0,0,0,0,0,0,0,0,0,0,0,0,0,0
2024,08,161000,123,0295,19080 ,00000 ,6572 ,216,24540, , ,805140186  ,4,8,12,Dacono,12,12,5028359,0,0,0,0,0,0,0,0,0,12,12,5028359,0,0,0,0,0,0,0,0,0
2024,08,165000,005,0305,19630 ,00000 ,856 ,216,19740, , ,80105      ,4,8,0,Deer Trail town,55,55,9837015,0,0,0,0,0,0,0,0,0,0,0,0,0,0,0,0,0,0,0,0,0
2024,08,169000,029,0315,19850 ,00000 ,9030 ,999,99999, , ,81416      ,4,8,12,Delta,24,24,5626222,1,2,480000,0,0,0,2,50,12000000,24,24,5626222,1,2,480000,0,0,0,2,50,12000000
2024,08,173000,031,0320,20000 ,00000 ,735538 ,216,19740,2,1,80202      ,4,8,12,Denver,872,872,269998343,0,0,0,1,4,378160,54,3118,518117741,872,872,269998343,0,0,0,1,4,378160,54,3118,518117741
2024,08,177000,081,0332,20495 ,00000 ,334 ,999,44460, , ,816100238  ,4,8,12,Dinosaur town,0,0,0,0,0,0,0,0,0,0,0,0,0,0,0,0,0,0,0,0,0,0,0,0
2024,08,181000,083,0335,20770 ,00000 ,964 ,999,99999, , ,81323      ,4,8,12,Dolores town,1,1,216911,0,0,0,0,0,0,0,0,0,1,1,216911,0,0,0,0,0,0,0,0,0
2024,08,183000,035,    ,99990 ,00000 ,203901 ,216,19740,2, ,80104      ,4,8,12,Douglas County Unincorporated Area,1009,1009,335911765,2,4,846206,13,50,9106770,11,422,38342256,1009,1009,335911765,2,4,846206,13,50,9106770,11,422,38342256
2024,08,187000,067,0350,22035 ,00000 ,19690 ,999,20420, ,2,81301      ,4,8,12,Durango,14,14,7142434,6,12,1530586,5,16,2214035,1,7,867348,14,14,7142434,6,12,1530586,5,16,2214035,1,7,867348
2024,08,189000,061,0355,22145 ,00000 ,632 ,999,99999, , ,81036      ,4,8,12,Eads town,0,0,0,0,0,0,0,0,0,0,0,0,0,0,0,0,0,0,0,0,0,0,0,0
2024,08,191000,037,    ,99990 ,00000 ,23646 ,233,20780, , ,81631      ,4,8,12,Eagle County Unincorporated Area,38,38,98147809,0,0,0,0,0,0,0,0,0,38,38,98147809,0,0,0,0,0,0,0,0,0
2024,08,193000,037,0360,22200 ,00000 ,6911 ,233,20780, , ,81631      ,4,8,12,Eagle town,17,17,27882885,0,0,0,0,0,0,0,0,0,17,17,27882885,0,0,0,0,0,0,0,0,0
2024,08,195000,123,0370,22860 ,00000 ,6000 ,216,24540, , ,80615      ,4,8,12,Eaton town,3,3,1289380,0,0,0,0,0,0,0,0,0,3,3,1289380,0,0,0,0,0,0,0,0,0
2024,08,197000,125,0375,23025 ,00000 ,260 ,999,99999, , ,807270217  ,4,8,12,Eckley town,0,0,0,0,0,0,0,0,0,0,0,0,0,0,0,0,0,0,0,0,0,0,0,0
2024,08,199000,059,0380,23135 ,00000 ,5393 ,216,19740, , ,80214      ,4,8,10,Edgewater,5,5,2263367,0,0,0,0,0,0,0,0,0,4,4,1700000,0,0,0,0,0,0,0,0,0
2024,08,201000,041,    ,99990 ,00000 ,196856 ,999,17820,2, ,80910      ,4,8,12,El Paso County Unincorporated Area,2732,2732,1565672583,119,238,56713798,2,6,2509808,22,872,183362655,2732,2732,1565672583,119,238,56713798,2,6,2509808,22,872,183362655
2024,08,203000,039,    ,99990 ,00000 ,23930 ,216,19740, , ,80117      ,4,8,12,Elbert County Unincorporated Area,382,382,191037681,0,0,0,0,0,0,0,0,0,382,382,191037681,0,0,0,0,0,0,0,0,0
2024,08,205000,039,0385,23740 ,00000 ,1867 ,216,19740, , ,80107      ,4,8,12,Elizabeth town,75,75,17329864,0,0,0,0,0,0,0,0,0,75,75,17329864,0,0,0,0,0,0,0,0,0
2024,08,209000,005,0395,24785 ,00000 ,35099 ,216,19740, , ,80110      ,4,8,12,Englewood,10,10,3569263,0,0,0,0,0,0,0,0,0,10,10,3569263,0,0,0,0,0,0,0,0,0
2024,08,213000,123,0400,24950 ,00000 ,17559 ,216,24540,2, ,805160750  ,4,8,11,Erie town,883,883,398043663,1,2,353664,1,3,457092,1,5,733747,830,830,378550945,0,0,0,0,0,0,0,0,0
2024,08,215000,069,0405,25115 ,00000 ,6553 ,999,22660, , ,80517      ,4,8,12,Estes Park town,19,19,13406795,0,0,0,0,0,0,2,48,8292968,19,19,13406795,0,0,0,0,0,0,2,48,8292968
2024,08,217000,123,0415,25280 ,00000 ,23183 ,216,24540, , ,80620      ,4,8,0,Evans,21,21,5854035,0,0,0,0,0,0,0,0,0,0,0,0,0,0,0,0,0,0,0,0,0
2024,08,219000,093,0425,25610 ,00000 ,803 ,216,19740, , ,804400267  ,4,8,12,Fairplay town,0,0,0,0,0,0,0,0,0,0,0,0,0,0,0,0,0,0,0,0,0,0,0,0
2024,08,221000,001,0430,26270 ,00000 ,13598 ,216,19740, , ,80221      ,4,8,12,Federal Heights,0,0,0,0,0,0,0,0,0,0,0,0,0,0,0,0,0,0,0,0,0,0,0,0
2024,08,223000,123,0435,26600 ,00000 ,15298 ,216,24540, , ,80504      ,4,8,12,Firestone town,155,155,83945150,0,0,0,2,6,1077221,3,96,16282891,155,155,83945150,0,0,0,2,6,1077221,3,96,16282891
2024,08,225000,063,0440,26765 ,00000 ,567 ,999,99999, , ,80815      ,4,8,12,Flagler town,2,2,355000,0,0,0,0,0,0,0,0,0,2,2,355000,0,0,0,0,0,0,0,0,0
2024,08,227000,075,0445,26875 ,00000 ,405 ,999,44540, , ,80728      ,4,8,12,Fleming town,1,1,100000,0,0,0,0,0,0,0,0,0,1,1,100000,0,0,0,0,0,0,0,0,0
2024,08,229000,043,0450,27040 ,00000 ,3982 ,444,15860, , ,81226      ,4,8,12,Florence,23,23,5261477,0,0,0,0,0,0,0,0,0,23,23,5261477,0,0,0,0,0,0,0,0,0
2024,08,231000,069,0455,27425 ,00000 ,168234 ,999,22660, ,1,80524      ,4,8,12,Fort Collins,371,371,105444438,2,4,425000,0,0,0,19,310,58976055,371,371,105444438,2,4,425000,0,0,0,19,310,58976055
2024,08,233000,123,0465,27700 ,00000 ,8666 ,216,24540, , ,806211343  ,4,8,12,Fort Lupton,164,164,36079273,0,0,0,0,0,0,0,0,0,164,164,36079273,0,0,0,0,0,0,0,0,0
2024,08,235000,087,0470,27810 ,00000 ,11249 ,999,22820, ,2,80701      ,4,8,12,Fort Morgan,18,18,8419370,3,6,903239,10,37,4064974,2,105,19355511,18,18,8419370,3,6,903239,10,37,4064974,2,105,19355511
2024,08,239000,089,0480,27975 ,00000 ,1149 ,999,99999,2, ,810391134  ,4,8,12,Fowler town,1,1,265000,0,0,0,0,0,0,0,0,0,1,1,265000,0,0,0,0,0,0,0,0,0
2024,08,240000,005,0483,28105 ,00000 ,771 ,216,19740, , ,80108      ,4,8,12,Foxfield town,0,0,0,0,0,0,0,0,0,0,0,0,0,0,0,0,0,0,0,0,0,0,0,0
2024,08,243000,123,0490,28360 ,00000 ,11515 ,216,24540, , ,805300435  ,4,8,12,Frederick town,62,62,23072194,0,0,0,0,0,0,1,40,11879470,62,62,23072194,0,0,0,0,0,0,1,40,11879470
2024,08,245000,043,    ,99990 ,00000 ,25552 ,444,15860, , ,81212      ,4,8,12,Fremont County Unincorporated Area,81,81,20266926,0,0,0,0,0,0,0,0,0,81,81,20266926,0,0,0,0,0,0,0,0,0
2024,08,247000,117,0500,28690 ,00000 ,2874 ,999,14720, , ,80443      ,4,8,12,Frisco town,18,18,19837370,0,0,0,0,0,0,0,0,0,18,18,19837370,0,0,0,0,0,0,0,0,0
2024,08,249000,077,0505,28745 ,00000 ,14295 ,999,24300,2, ,81521      ,4,8,11,Fruita,96,96,38152396,1,2,134424,12,48,1221282,1,5,599828,91,91,37397927,1,2,134424,12,48,1221282,0,0,0
2024,08,251000,123,0510,29185 ,00000 ,279 ,216,24540, , ,806318466  ,4,8,12,Garden City town,0,0,0,0,0,0,0,0,0,0,0,0,0,0,0,0,0,0,0,0,0,0,0,0
2024,08,253000,045,    ,99990 ,00000 ,24455 ,233,40090, , ,81601      ,4,8,12,Garfield County Unincorporated Area,61,61,25314160,0,0,0,0,0,0,0,0,0,61,61,25314160,0,0,0,0,0,0,0,0,0
2024,08,257000,019,0520,29735 ,00000 ,1102 ,216,19740, , ,804440426  ,4,8,12,Georgetown town,3,3,1205998,0,0,0,0,0,0,0,0,0,3,3,1205998,0,0,0,0,0,0,0,0,0
2024,08,259000,123,0525,29955 ,00000 ,1169 ,216,24540, , ,806230128  ,4,8,12,Gilcrest town,0,0,0,0,0,0,0,0,0,0,0,0,0,0,0,0,0,0,0,0,0,0,0,0
2024,08,261000,047,    ,99990 ,00000 ,5374 ,216,19740, , ,80427      ,4,8,12,Gilpin County Unincorporated Area,19,19,9437062,0,0,0,0,0,0,0,0,0,19,19,9437062,0,0,0,0,0,0,0,0,0
2024,08,263000,005,0530,30340 ,00000 ,5102 ,216,19740, , ,80246      ,4,8,12,Glendale,0,0,0,0,0,0,0,0,0,0,0,0,0,0,0,0,0,0,0,0,0,0,0,0
2024,08,265000,045,0535,30780 ,00000 ,10222 ,233,40090, , ,81601      ,4,8,12,Glenwood Springs,2,2,1070000,0,0,0,0,0,0,1,56,13980000,2,2,1070000,0,0,0,0,0,0,1,56,13980000
2024,08,267000,059,0540,30835 ,00000 ,20347 ,216,19740, , ,80401      ,4,8,12,Golden,11,11,6751000,0,0,0,0,0,0,0,0,0,11,11,6751000,0,0,0,0,0,0,0,0,0
2024,08,269000,099,0545,31550 ,00000 ,509 ,999,99999, , ,81041      ,4,8,12,Granada town,9,9,3746109,0,0,0,0,0,0,0,0,0,9,9,3746109,0,0,0,0,0,0,0,0,0
2024,08,273000,049,    ,99990 ,00000 ,8489 ,999,99999,2, ,80451      ,4,8,12,Grand County Unincorporated Area,109,109,48410378,0,0,0,0,0,0,11,72,9826209,109,109,48410378,0,0,0,0,0,0,11,72,9826209
2024,08,279000,123,0570,32155 ,00000 ,108958 ,216,24540, ,1,80631      ,4,8,12,Greeley,155,155,66329398,6,12,3094608,1,4,1187208,10,57,17262383,155,155,66329398,6,12,3094608,1,4,1187208,10,57,17262383
2024,08,285000,005,0580,33035 ,00000 ,14907 ,216,19740, , ,80111      ,4,8,12,Greenwood Village,10,10,18515227,0,0,0,0,0,0,0,0,0,10,10,18515227,0,0,0,0,0,0,0,0,0
2024,08,287000,123,0585,33310 ,00000 ,161 ,216,24540, , ,80729      ,4,8,12,Grover town,0,0,0,0,0,0,0,0,0,0,0,0,0,0,0,0,0,0,0,0,0,0,0,0
2024,08,289000,051,0590,33640 ,00000 ,6840 ,999,99999, , ,81230      ,4,8,12,Gunnison,10,10,2014183,0,0,0,0,0,0,0,0,0,10,10,2014183,0,0,0,0,0,0,0,0,0
2024,08,291000,051,    ,99990 ,00000 ,7968 ,999,99999, , ,81230      ,4,8,12,Gunnison County Unincorporated Area,66,66,93941879,0,0,0,0,0,0,0,0,0,66,66,93941879,0,0,0,0,0,0,0,0,0
2024,08,293000,037,0595,33695 ,00000 ,7304 ,233,20780, , ,81637      ,4,8,12,Gypsum town,54,54,17468228,0,0,0,0,0,0,1,9,979534,54,54,17468228,0,0,0,0,0,0,1,9,979534
2024,08,299000,095,0610,34960 ,00000 ,937 ,999,99999, , ,80731      ,4,8,12,Haxtun town,0,0,0,0,0,0,0,0,0,0,0,0,0,0,0,0,0,0,0,0,0,0,0,0
2024,08,303000,087,0620,36610 ,00000 ,258 ,999,22820, , ,80733      ,4,8,12,Hillrose town,0,0,0,0,0,0,0,0,0,0,0,0,0,0,0,0,0,0,0,0,0,0,0,0
2024,08,305000,053,    ,00000 ,00000 ,420 ,999,99999, , ,81235      ,4,8,0,Hinsdale County,16,16,6742800,0,0,0,0,0,0,0,0,0,0,0,0,0,0,0,0,0,0,0,0,0
2024,08,307000,099,0625,37215 ,00000 ,775 ,999,99999, , ,810470458  ,4,8,12,Holly town,0,0,0,0,0,0,0,0,0,0,0,0,0,0,0,0,0,0,0,0,0,0,0,0
2024,08,309000,095,0630,37270 ,00000 ,2239 ,999,99999, , ,80734      ,4,8,12,Holyoke,1,1,673750,0,0,0,0,0,0,0,0,0,1,1,673750,0,0,0,0,0,0,0,0,0
2024,08,311000,003,0635,37380 ,00000 ,104 ,999,10480, , ,811360001  ,4,8,0,Hooper town,0,0,0,0,0,0,0,0,0,0,0,0,0,0,0,0,0,0,0,0,0,0,0,0
2024,08,315000,029,0640,37545 ,00000 ,928 ,999,99999, , ,81419      ,4,8,12,Hotchkiss town,0,0,0,0,0,0,0,0,0,0,0,0,0,0,0,0,0,0,0,0,0,0,0,0
2024,08,317000,123,0650,37820 ,00000 ,2768 ,216,24540, , ,80642      ,4,8,0,Hudson town,0,0,0,0,0,0,0,0,0,0,0,0,0,0,0,0,0,0,0,0,0,0,0,0
2024,08,319000,055,    ,99990 ,00000 ,3071 ,999,99999, , ,81089      ,4,8,0,Huerfano County Unincorporated Area,49,49,10015538,0,0,0,0,0,0,0,0,0,0,0,0,0,0,0,0,0,0,0,0,0
2024,08,321000,073,0655,37875 ,00000 ,782 ,999,99999, , ,80821      ,4,8,12,Hugo town,2,2,832469,0,0,0,0,0,0,0,0,0,2,2,832469,0,0,0,0,0,0,0,0,0
2024,08,323000,019,0660,38370 ,00000 ,1857 ,216,19740, , ,80452      ,4,8,12,Idaho Springs,0,0,0,0,0,0,0,0,0,0,0,0,0,0,0,0,0,0,0,0,0,0,0,0
2024,08,325000,067,0665,38535 ,00000 ,963 ,999,20420, , ,81137      ,4,8,12,Ignacio town,11,11,21000,0,0,0,0,0,0,0,0,0,11,11,21000,0,0,0,0,0,0,0,0,0
2024,08,327000,075,0670,38590 ,00000 ,272 ,999,44540, , ,807360194  ,4,8,12,Iliff town,3,3,1248703,0,0,0,0,0,0,0,0,0,3,3,1248703,0,0,0,0,0,0,0,0,0
2024,08,329000,057,    ,99990 ,00000 ,780 ,999,99999, , ,804801019  ,4,8,12,Jackson County Unincorporated Area,3,3,1236861,0,0,0,0,0,0,0,0,0,3,3,1236861,0,0,0,0,0,0,0,0,0
2024,08,333000,059,    ,99990 ,00000 ,200180 ,216,19740, , ,804193540  ,4,8,12,Jefferson County Unincorporated Area,440,440,195692943,2,4,1268466,0,0,0,0,0,0,440,440,195692943,2,4,1268466,0,0,0,0,0,0
2024,08,335000,123,0690,39855 ,00000 ,11982 ,216,24540,2, ,805340609  ,4,8,12,Johnstown town,444,444,156927011,0,0,0,6,20,3264385,22,291,44272334,444,444,156927011,0,0,0,6,20,3264385,22,291,44272334
2024,08,337000,115,0695,39965 ,00000 ,1161 ,999,99999, , ,80737      ,4,8,12,Julesburg town,2,2,772000,0,0,0,0,0,0,0,0,0,2,2,772000,0,0,0,0,0,0,0,0,0
2024,08,339000,123,0700,40185 ,00000 ,1302 ,216,24540, , ,80643      ,4,8,12,Keenesburg town,24,24,4379511,0,0,0,0,0,0,0,0,0,24,24,4379511,0,0,0,0,0,0,0,0,0
2024,08,341000,123,0710,40515 ,00000 ,1798 ,216,24540, , ,80644      ,4,8,12,Kersey town,0,0,0,0,0,0,0,0,0,0,0,0,0,0,0,0,0,0,0,0,0,0,0,0
2024,08,345000,061,    ,99990 ,00000 ,664 ,999,99999, , ,81036      ,4,8,12,Kiowa County Unincorporated Area,1,1,416234,0,0,0,0,0,0,0,0,0,1,1,416234,0,0,0,0,0,0,0,0,0
2024,08,347000,039,0715,40790 ,00000 ,826 ,216,19740, , ,80117      ,4,8,12,Kiowa town,1,1,350000,0,0,0,0,0,0,0,0,0,1,1,350000,0,0,0,0,0,0,0,0,0
2024,08,349000,063,    ,99990 ,00000 ,2233 ,999,99999, , ,808070249  ,4,8,0,Kit Carson County Unincorporated Area,2,2,763984,0,0,0,0,0,0,0,0,0,0,0,0,0,0,0,0,0,0,0,0,0
2024,08,351000,017,0720,41010 ,00000 ,229 ,999,99999, , ,80825      ,4,8,12,Kit Carson town,2,2,832469,0,0,0,0,0,0,0,0,0,2,2,832469,0,0,0,0,0,0,0,0,0
2024,08,355000,021,0740,42055 ,00000 ,805 ,999,10480, , ,81140      ,4,8,12,La Jara town,2,2,300000,0,0,0,0,0,0,0,0,0,2,2,300000,0,0,0,0,0,0,0,0,0
2024,08,357000,089,0745,42110 ,00000 ,6854 ,999,99999, , ,81050      ,4,8,12,La Junta,1,1,222000,2,4,1250000,0,0,0,0,0,0,1,1,222000,2,4,1250000,0,0,0,0,0,0
2024,08,359000,067,    ,99990 ,00000 ,33325 ,999,20420, , ,81301      ,4,8,12,La Plata County Unincorporated Area,128,128,75204686,0,0,0,0,0,0,0,0,0,128,128,75204686,0,0,0,0,0,0,0,0,0
2024,08,361000,123,0775,43605 ,00000 ,2466 ,216,24540, , ,80645      ,4,8,12,La Salle town,0,0,0,0,0,0,0,0,0,0,0,0,0,0,0,0,0,0,0,0,0,0,0,0
2024,08,363000,055,0785,44100 ,00000 ,809 ,999,99999, , ,81055      ,4,8,12,La Veta town,1,1,375000,0,0,0,0,0,0,0,0,0,1,1,375000,0,0,0,0,0,0,0,0,0
2024,08,365000,013,0735,41835 ,00000 ,28579 ,216,14500, , ,80026      ,4,8,12,Lafayette,9,9,3886012,0,0,0,0,0,0,0,0,0,9,9,3886012,0,0,0,0,0,0,0,0,0
2024,08,369000,065,    ,99990 ,00000 ,5214 ,999,14720, , ,80461      ,4,8,0,Lake County,52,52,11108812,0,0,0,1,3,170000,0,0,0,0,0,0,0,0,0,0,0,0,0,0,0
2024,08,373000,059,0760,43000 ,00000 ,157429 ,216,19740, , ,80226      ,4,8,12,Lakewood,30,30,15603015,0,0,0,0,0,0,10,155,31662084,30,30,15603015,0,0,0,0,0,0,10,155,31662084
2024,08,375000,099,0765,43110 ,00000 ,7641 ,999,99999, , ,81052      ,4,8,12,Lamar,7,7,1564934,0,0,0,0,0,0,0,0,0,7,7,1564934,0,0,0,0,0,0,0,0,0
2024,08,377000,069,    ,99990 ,00000 ,70438 ,999,22660, , ,805221190  ,4,8,12,Larimer County Unincorporated Area,81,81,22334841,2,4,636886,0,0,0,0,0,0,81,81,22334841,2,4,636886,0,0,0,0,0,0
2024,08,381000,011,0780,43660 ,00000 ,2128 ,999,99999, , ,81054      ,4,8,12,Las Animas,0,0,0,0,0,0,0,0,0,0,0,0,0,0,0,0,0,0,0,0,0,0,0,0
2024,08,383000,071,    ,99990 ,00000 ,5496 ,999,99999,2, ,81082      ,4,8,0,Las Animas County Unincorporated Area,35,35,5037501,0,0,0,0,0,0,0,0,0,0,0,0,0,0,0,0,0,0,0,0,0
2024,08,387000,073,0800,44980 ,00000 ,1945 ,999,99999, , ,80828      ,4,8,12,Limon town,1,1,200000,1,2,317113,0,0,0,0,0,0,1,1,200000,1,2,317113,0,0,0,0,0,0
2024,08,389000,073,    ,99990 ,00000 ,2600 ,999,99999, , ,80821      ,4,8,0,Lincoln County Unincorporated Area,5,5,406250,0,0,0,0,0,0,0,0,0,0,0,0,0,0,0,0,0,0,0,0,0
2024,08,391000,005,0810,45255 ,00000 ,43206 ,216,19740,2, ,80120      ,4,8,12,Littleton,7,7,3136555,0,0,0,0,0,0,2,635,112564694,7,7,3136555,0,0,0,0,0,0,2,635,112564694
2024,08,395000,123,0813,45530 ,00000 ,7883 ,216,24540,2, ,80603      ,4,8,12,Lochbuie town,71,71,21498378,0,0,0,0,0,0,0,0,0,71,71,21498378,0,0,0,0,0,0,0,0,0
2024,08,397000,087,0815,45695 ,00000 ,848 ,999,22820, , ,807054858  ,4,8,12,Log Lane Village town,0,0,0,0,0,0,0,0,0,0,0,0,0,0,0,0,0,0,0,0,0,0,0,0
2024,08,399000,075,    ,99990 ,00000 ,6591 ,999,44540, , ,80751      ,4,8,12,Logan County Unincorporated Area,7,7,1563041,0,0,0,0,0,0,0,0,0,7,7,1563041,0,0,0,0,0,0,0,0,0
2024,08,399500,035,0817,45955 ,00000 ,13614 ,216,19740, , ,80124      ,4,8,12,Lone Tree,154,154,57088672,0,0,0,1,3,246536,4,448,70967680,154,154,57088672,0,0,0,1,3,246536,4,448,70967680
2024,08,401000,013,0820,45970 ,00000 ,97793 ,216,14500,2, ,80501      ,4,8,12,Longmont,138,138,61631260,11,22,4549620,5,19,6827569,28,769,147374576,138,138,61631260,11,22,4549620,5,19,6827569,28,769,147374576
2024,08,403000,013,0825,46355 ,00000 ,19060 ,216,14500, , ,80027      ,4,8,12,Louisville,89,89,78144096,0,0,0,0,0,0,0,0,0,89,89,78144096,0,0,0,0,0,0,0,0,0
2024,08,405000,069,2640,46465 ,00000 ,83517 ,999,22660, ,1,80537      ,4,8,12,Loveland,342,342,139715462,1,2,450000,1,4,1035442,4,38,9818513,342,342,139715462,1,2,450000,1,4,1035442,4,38,9818513
2024,08,407000,013,0835,47070 ,00000 ,2058 ,216,14500, , ,80540      ,4,8,12,Lyons town,1,1,313006,0,0,0,0,0,0,0,0,0,1,1,313006,0,0,0,0,0,0,0,0,0
2024,08,411000,083,0845,48115 ,00000 ,1398 ,999,99999, , ,81328      ,4,8,12,Mancos town,5,5,1022800,0,0,0,0,0,0,0,0,0,5,5,1022800,0,0,0,0,0,0,0,0,0
2024,08,415000,089,0855,48500 ,00000 ,410 ,999,99999,2, ,81068      ,4,8,12,Manzanola town,0,0,0,0,0,0,0,0,0,0,0,0,0,0,0,0,0,0,0,0,0,0,0,0
2024,08,417000,051,0860,48555 ,00000 ,140 ,999,99999, , ,81623      ,4,8,0,Marble town,0,0,0,0,0,0,0,0,0,0,0,0,0,0,0,0,0,0,0,0,0,0,0,0
2024,08,419000,123,0865,49600 ,00000 ,5003 ,216,24540, , ,80542      ,4,8,12,Mead town,99,99,33255029,0,0,0,0,0,0,1,6,225000,99,99,33255029,0,0,0,0,0,0,1,6,225000
2024,08,421000,103,0875,49875 ,00000 ,2318 ,999,99999, , ,81641      ,4,8,12,Meeker town,1,1,574582,0,0,0,0,0,0,0,0,0,1,1,574582,0,0,0,0,0,0,0,0,0
2024,08,423000,075,0880,50040 ,00000 ,281 ,999,44540, , ,80741      ,4,8,12,Merino town,0,0,0,0,0,0,0,0,0,0,0,0,0,0,0,0,0,0,0,0,0,0,0,0
2024,08,425000,077,    ,00000 ,00000 ,73791 ,999,24300,2, ,815025001  ,4,8,12,Mesa County Unincorporated Area,618,618,92341270,3,6,463440,1,4,505167,9,235,17313171,618,618,92341270,3,6,463440,1,4,505167,9,235,17313171
2024,08,427000,123,0885,50480 ,00000 ,8688 ,216,24540, , ,80543      ,4,8,12,Milliken town,26,26,5424467,0,0,0,0,0,0,0,0,0,26,26,5424467,0,0,0,0,0,0,0,0,0
2024,08,429000,079,    ,99990 ,00000 ,458 ,999,99999, , ,81130      ,4,8,0,Mineral County Unincorporated Area,3,3,1243990,0,0,0,0,0,0,0,0,0,0,0,0,0,0,0,0,0,0,0,0,0
2024,08,431000,037,0890,50920 ,00000 ,1147 ,233,20780, , ,816450309  ,4,8,12,Minturn town,14,14,13000000,1,2,384127,4,12,2575915,0,0,0,14,14,13000000,1,2,384127,4,12,2575915,0,0,0
2024,08,433000,081,    ,99990 ,00000 ,3857 ,999,44460, , ,81625      ,4,8,12,Moffat County Unincorporated Area,15,15,4278280,0,0,0,0,0,0,0,0,0,15,15,4278280,0,0,0,0,0,0,0,0,0
2024,08,435000,109,0895,51250 ,00000 ,123 ,999,99999, , ,81143      ,4,8,0,Moffat town,0,0,0,0,0,0,0,0,0,0,0,0,0,0,0,0,0,0,0,0,0,0,0,0
2024,08,443000,085,0910,51745 ,00000 ,19902 ,999,33940, ,2,81402      ,4,8,12,Montrose,125,125,18602919,2,4,416320,1,4,338870,1,22,7500000,125,125,18602919,2,4,416320,1,4,338870,1,22,7500000
2024,08,445000,085,    ,99990 ,00000 ,20382 ,999,33940, , ,81401      ,4,8,12,Montrose County Unincorporated Area,115,115,21209442,0,0,0,0,0,0,0,0,0,115,115,21209442,0,0,0,0,0,0,0,0,0
2024,08,449000,087,    ,99990 ,00000 ,9996 ,999,22820, , ,80701      ,4,8,12,Morgan County Unincorporated Area,23,23,5028050,0,0,0,0,0,0,0,0,0,23,23,5028050,0,0,0,0,0,0,0,0,0
2024,08,451000,059,0920,52075 ,00000 ,430 ,216,19740, , ,804653001  ,4,8,0,Morrison town,0,0,0,0,0,0,0,0,0,0,0,0,0,0,0,0,0,0,0,0,0,0,0,0
2024,08,453000,051,0928,52570 ,00000 ,893 ,999,99999, , ,81225      ,4,8,12,Mount Crested Butte town,26,26,23597454,0,0,0,0,0,0,0,0,0,26,26,23597454,0,0,0,0,0,0,0,0,0
2024,08,455000,059,0925,52350 ,00000 ,549 ,216,19740, , ,80212      ,4,8,0,Mountain View town,0,0,0,0,0,0,0,0,0,0,0,0,0,0,0,0,0,0,0,0,0,0,0,0
2024,08,456000,113,0926,52550 ,00000 ,1470 ,999,99999, , ,81435      ,4,8,12,Mountain Village town,7,7,29371043,0,0,0,0,0,0,2,20,34179801,7,7,29371043,0,0,0,0,0,0,2,20,34179801
2024,08,457000,085,0930,53120 ,00000 ,526 ,999,33940, , ,81422      ,4,8,12,Naturita town,0,0,0,0,0,0,0,0,0,0,0,0,0,0,0,0,0,0,0,0,0,0,0,0
2024,08,459000,013,0935,53175 ,00000 ,1557 ,216,14500, , ,80466      ,4,8,0,Nederland town,9,9,2533311,3,6,997899,0,0,0,0,0,0,0,0,0,0,0,0,0,0,0,0,0,0
2024,08,461000,045,0940,53395 ,00000 ,4962 ,233,40090, , ,81647      ,4,8,11,New Castle town,7,7,4468768,0,0,0,0,0,0,0,0,0,6,6,4050000,0,0,0,0,0,0,0,0,0
2024,08,463000,001,0943,54330 ,00000 ,38823 ,216,19740,2, ,80233      ,4,8,7,Northglenn,37,37,10394058,0,0,0,0,0,0,5,109,16796667,19,19,5299724,0,0,0,0,0,0,0,0,0
2024,08,469000,085,0955,54935 ,00000 ,688 ,999,33940, , ,81424      ,4,8,12,Nucla town,0,0,0,0,0,0,0,0,0,0,0,0,0,0,0,0,0,0,0,0,0,0,0,0
2024,08,471000,123,0960,55045 ,00000 ,497 ,216,24540, , ,806480171  ,4,8,12,Nunn town,3,3,157000,0,0,0,0,0,0,0,0,0,3,3,157000,0,0,0,0,0,0,0,0,0
2024,08,475000,085,0970,55540 ,00000 ,1824 ,999,33940, , ,81425      ,4,8,12,Olathe town,0,0,0,0,0,0,0,0,0,0,0,0,0,0,0,0,0,0,0,0,0,0,0,0
2024,08,477000,025,0975,55705 ,00000 ,325 ,999,99999, , ,810620156  ,4,8,12,Olney Springs town,0,0,0,0,0,0,0,0,0,0,0,0,0,0,0,0,0,0,0,0,0,0,0,0
2024,08,479000,113,0980,55870 ,00000 ,190 ,999,99999, , ,81426      ,4,8,12,Ophir town,1,1,400000,0,0,0,0,0,0,0,0,0,1,1,400000,0,0,0,0,0,0,0,0,0
2024,08,481000,029,0985,55980 ,00000 ,3242 ,999,99999, , ,814108258  ,4,8,0,Orchard City town,18,18,2401459,0,0,0,0,0,0,0,0,0,0,0,0,0,0,0,0,0,0,0,0,0
2024,08,483000,025,0995,56145 ,00000 ,1013 ,999,99999, , ,81063      ,4,8,12,Ordway town,0,0,0,0,0,0,0,0,0,0,0,0,0,0,0,0,0,0,0,0,0,0,0,0
2024,08,485000,089,    ,99990 ,00000 ,5142 ,999,99999,2, ,81050      ,4,8,12,Otero County Unincorporated Area,9,9,1694000,0,0,0,0,0,0,1,30,8061000,9,9,1694000,0,0,0,0,0,0,1,30,8061000
2024,08,489000,091,1005,56420 ,00000 ,1046 ,999,99999, , ,81427      ,4,8,12,Ouray,29,29,4966000,0,0,0,0,0,0,0,0,0,29,29,4966000,0,0,0,0,0,0,0,0,0
2024,08,491000,091,    ,99990 ,00000 ,2916 ,999,99999, , ,814320028  ,4,8,12,Ouray County Unincorporated Area,30,30,23704874,0,0,0,0,0,0,0,0,0,30,30,23704874,0,0,0,0,0,0,0,0,0
2024,08,493000,115,1010,56475 ,00000 ,302 ,999,99999, , ,80744      ,4,8,12,Ovid town,0,0,0,0,0,0,0,0,0,0,0,0,0,0,0,0,0,0,0,0,0,0,0,0
2024,08,495000,007,1015,56860 ,00000 ,2132 ,999,99999, , ,811471859  ,4,8,1,Pagosa Springs town,32,32,5583797,0,0,0,0,0,0,0,0,0,0,0,0,0,0,0,0,0,0,0,0,0
2024,08,501000,095,1030,57245 ,00000 ,35 ,999,99999, , ,80746      ,4,8,0,Paoli town,0,0,0,0,0,0,0,0,0,0,0,0,0,0,0,0,0,0,0,0,0,0,0,0
2024,08,503000,029,1035,57300 ,00000 ,1474 ,999,99999, , ,81428      ,4,8,12,Paonia town,7,7,1976873,0,0,0,0,0,0,0,0,0,7,7,1976873,0,0,0,0,0,0,0,0,0
2024,08,505000,045,1037,57400 ,00000 ,1114 ,233,40090, , ,81632      ,4,8,12,Parachute town,3,3,939018,0,0,0,0,0,0,0,0,0,3,3,939018,0,0,0,0,0,0,0,0,0
2024,08,507000,093,    ,99990 ,00000 ,17823 ,216,19740, , ,80440      ,4,8,12,Park County Unincorporated Area,140,140,46408501,0,0,0,0,0,0,0,0,0,140,140,46408501,0,0,0,0,0,0,0,0,0
2024,08,509000,035,1039,57630 ,00000 ,58673 ,216,19740, , ,80134      ,4,8,12,Parker town,382,382,167614945,0,0,0,0,0,0,2,36,7531082,382,382,167614945,0,0,0,0,0,0,2,36,7531082
2024,08,511000,075,1040,58235 ,00000 ,237 ,999,44540, , ,807470007  ,4,8,12,Peetz town,0,0,0,0,0,0,0,0,0,0,0,0,0,0,0,0,0,0,0,0,0,0,0,0
2024,08,513000,095,    ,99990 ,00000 ,1156 ,999,99999, , ,80734      ,4,8,12,Phillips County Unincorporated Area,2,2,377720,0,0,0,0,0,0,0,0,0,2,2,377720,0,0,0,0,0,0,0,0,0
2024,08,515000,123,1045,59005 ,00000 ,938 ,216,24540, , ,80650      ,4,8,12,Pierce town,0,0,0,0,0,0,0,0,0,0,0,0,0,0,0,0,0,0,0,0,0,0,0,0
2024,08,517000,097,    ,99990 ,00000 ,6474 ,233,40090, , ,81611      ,4,8,12,Pitkin County Unincorporated Area,31,31,209553859,0,0,0,0,0,0,0,0,0,31,31,209553859,0,0,0,0,0,0,0,0,0
2024,08,519000,051,1050,59830 ,00000 ,70 ,999,99999, , ,81241      ,4,8,0,Pitkin town,1,1,381992,0,0,0,0,0,0,0,0,0,0,0,0,0,0,0,0,0,0,0,0,0
2024,08,521000,123,1055,60160 ,00000 ,3000 ,216,24540, , ,806517503  ,4,8,12,Platteville town,0,0,0,0,0,0,0,0,0,0,0,0,0,0,0,0,0,0,0,0,0,0,0,0
2024,08,529000,099,    ,99990 ,00000 ,2710 ,999,99999, , ,81052      ,4,8,12,Prowers County Unincorporated Area,2,2,832469,0,0,0,0,0,0,0,0,0,2,2,832469,0,0,0,0,0,0,0,0,0
2024,08,533000,101,    ,99990 ,00000 ,56446 ,444,39380,2, ,81003      ,4,8,12,Pueblo County Unincorporated Area,269,269,45971768,0,0,0,0,0,0,0,0,0,269,269,45971768,0,0,0,0,0,0,0,0,0
2024,08,535000,041,1090,62660 ,00000 ,131 ,999,17820, , ,808320129  ,4,8,12,Ramah town,0,0,0,0,0,0,0,0,0,0,0,0,0,0,0,0,0,0,0,0,0,0,0,0
2024,08,537000,103,1095,62880 ,00000 ,2300 ,999,99999, , ,816483048  ,4,8,12,Rangely town,0,0,0,0,0,0,0,0,0,0,0,0,0,0,0,0,0,0,0,0,0,0,0,0
2024,08,541000,037,1110,63265 ,00000 ,300 ,233,20780, , ,816490040  ,4,8,12,Red Cliff town,1,1,1230000,0,0,0,0,0,0,0,0,0,1,1,1230000,0,0,0,0,0,0,0,0,0
2024,08,543000,033,1115,64090 ,00000 ,262 ,999,99999, , ,81332      ,4,8,12,Rico town,10,10,4162343,0,0,0,0,0,0,0,0,0,10,10,4162343,0,0,0,0,0,0,0,0,0
2024,08,545000,091,1120,64200 ,00000 ,1039 ,999,99999, , ,814320010  ,4,8,12,Ridgway town,15,15,3869633,0,0,0,1,4,597156,2,18,3318763,15,15,3869633,0,0,0,1,4,597156,2,18,3318763
2024,08,547000,045,1125,64255 ,00000 ,9775 ,233,40090, ,2,816501908  ,4,8,12,Rifle,18,18,7336333,0,0,0,0,0,0,0,0,0,18,18,7336333,0,0,0,0,0,0,0,0,0
2024,08,549000,103,    ,99990 ,00000 ,1724 ,999,99999, , ,816410599  ,4,8,12,Rio Blanco County Unincorporated Area,7,7,1915000,0,0,0,0,0,0,0,0,0,7,7,1915000,0,0,0,0,0,0,0,0,0
2024,08,551000,105,    ,99990 ,00000 ,5066 ,999,99999,2, ,81132      ,4,8,12,Rio Grande County Unincorporated Area,45,45,12724591,1,2,106816,0,0,0,0,0,0,45,45,12724591,1,2,106816,0,0,0,0,0,0
2024,08,553000,043,1130,64970 ,00000 ,504 ,444,15860, , ,812440091  ,4,8,12,Rockvale town,1,1,216000,0,0,0,0,0,0,0,0,0,1,1,216000,0,0,0,0,0,0,0,0,0
2024,08,555000,089,1135,65190 ,00000 ,3806 ,999,99999,2, ,810671702  ,4,8,12,Rocky Ford,1,1,416234,0,0,0,0,0,0,0,0,0,1,1,416234,0,0,0,0,0,0,0,0,0
2024,08,559000,107,    ,99990 ,00000 ,8992 ,999,44460, , ,80487      ,4,8,12,Routt County,167,167,232867366,6,12,1800000,0,0,0,21,418,198057462,167,167,232867366,6,12,1800000,0,0,0,21,418,198057462
2024,08,563000,109,    ,99990 ,00000 ,3937 ,999,99999, , ,81149      ,4,8,12,Saguache County Unincorporated Area,79,79,12716000,0,0,0,0,0,0,0,0,0,79,79,12716000,0,0,0,0,0,0,0,0,0
2024,08,565000,109,1155,67005 ,00000 ,531 ,999,99999, , ,811490417  ,4,8,12,Saguache town,0,0,0,0,0,0,0,0,0,0,0,0,0,0,0,0,0,0,0,0,0,0,0,0
2024,08,569000,111,    ,99990 ,00000 ,69 ,999,99999, , ,81433      ,4,8,12,San Juan County Unincorporated Area,4,4,2365200,1,2,419012,1,3,447867,0,0,0,4,4,2365200,1,2,419012,1,3,447867,0,0,0
2024,08,571000,023,1169,68105 ,00000 ,692 ,999,10480, , ,811520659  ,4,8,12,San Luis town,1,1,416234,0,0,0,0,0,0,0,0,0,1,1,416234,0,0,0,0,0,0,0,0,0
2024,08,573000,113,    ,99990 ,00000 ,3393 ,999,99999,2, ,81435      ,4,8,12,San Miguel County Unincorporated Area,17,17,36410405,0,0,0,0,0,0,0,0,0,17,17,36410405,0,0,0,0,0,0,0,0,0
2024,08,577000,113,1175,68655 ,00000 ,38 ,999,99999, , ,814300248  ,4,8,12,Sawpit town,0,0,0,0,0,0,0,0,0,0,0,0,0,0,0,0,0,0,0,0,0,0,0,0
2024,08,579000,115,    ,99990 ,00000 ,660 ,999,99999, , ,80737      ,4,8,12,Sedgwick County Unincorporated Area,1,1,150000,0,0,0,0,0,0,0,0,0,1,1,150000,0,0,0,0,0,0,0,0,0
2024,08,581000,115,1185,68930 ,00000 ,137 ,999,99999, , ,80749      ,4,8,12,Sedgwick town,0,0,0,0,0,0,0,0,0,0,0,0,0,0,0,0,0,0,0,0,0,0,0,0
2024,08,583000,063,1190,69040 ,00000 ,214 ,999,99999, , ,80834      ,4,8,12,Seibert town,0,0,0,0,0,0,0,0,0,0,0,0,0,0,0,0,0,0,0,0,0,0,0,0
2024,08,585000,123,1195,69150 ,00000 ,7634 ,216,24540, , ,80546      ,4,8,12,Severance town,81,81,31345394,0,0,0,0,0,0,0,0,0,81,81,31345394,0,0,0,0,0,0,0,0,0
2024,08,587000,005,1200,69645 ,00000 ,6027 ,216,19740, , ,80110      ,4,8,12,Sheridan,0,0,0,1,2,500000,0,0,0,0,0,0,0,0,0,1,2,500000,0,0,0,0,0,0
2024,08,591000,045,1210,70195 ,00000 ,3109 ,233,40090, , ,81652      ,4,8,12,Silt town,3,3,1048000,0,0,0,0,0,0,1,8,875000,3,3,1048000,0,0,0,0,0,0,1,8,875000
2024,08,593000,027,1215,70250 ,00000 ,741 ,999,99999, , ,81252      ,4,8,12,Silver Cliff town,6,6,1134000,3,6,887700,0,0,0,0,0,0,6,6,1134000,3,6,887700,0,0,0,0,0,0
2024,08,595000,019,1220,70360 ,00000 ,175 ,216,19740, , ,80476      ,4,8,12,Silver Plume town,0,0,0,0,0,0,0,0,0,0,0,0,0,0,0,0,0,0,0,0,0,0,0,0
2024,08,597000,117,1222,70525 ,00000 ,4906 ,999,14720, , ,80498      ,4,8,12,Silverthorne town,0,0,0,0,0,0,0,0,0,2,61,26000000,0,0,0,0,0,0,0,0,0,2,61,26000000
2024,08,599000,111,1225,70580 ,00000 ,679 ,999,99999, , ,814330250  ,4,8,12,Silverton town,8,8,2110000,1,2,700000,0,0,0,0,0,0,8,8,2110000,1,2,700000,0,0,0,0,0,0
2024,08,601000,039,1230,70635 ,00000 ,690 ,216,19740, , ,80835      ,4,8,12,Simla town,0,0,0,0,0,0,0,0,0,0,0,0,0,0,0,0,0,0,0,0,0,0,0,0
2024,08,603000,097,1236,71755 ,00000 ,2760 ,233,40090, , ,81615      ,4,8,12,Snowmass Village town,1,1,12478210,0,0,0,0,0,0,1,89,215000000,1,1,12478210,0,0,0,0,0,0,1,89,215000000
2024,08,605000,009,1240,73330 ,00000 ,1364 ,999,99999, , ,81073      ,4,8,12,Springfield town,0,0,0,0,0,0,0,0,0,0,0,0,0,0,0,0,0,0,0,0,0,0,0,0
2024,08,611000,075,1255,73935 ,00000 ,14078 ,999,44540, ,2,807510400  ,4,8,12,Sterling,1,1,267970,0,0,0,0,0,0,0,0,0,1,1,267970,0,0,0,0,0,0,0,0,0
2024,08,613000,063,1260,74485 ,00000 ,640 ,999,99999, , ,80836      ,4,8,12,Stratton town,0,0,0,0,0,0,0,0,0,0,0,0,0,0,0,0,0,0,0,0,0,0,0,0
2024,08,615000,025,1265,74815 ,00000 ,244 ,999,99999, , ,810760060  ,4,8,0,Sugar City town,0,0,0,0,0,0,0,0,0,0,0,0,0,0,0,0,0,0,0,0,0,0,0,0
2024,08,617000,117,    ,99990 ,00000 ,15927 ,999,14720,2, ,804435660  ,4,8,12,Summit County Unincorporated Area,60,60,27733836,0,0,0,0,0,0,1,27,6573190,60,60,27733836,0,0,0,0,0,0,1,27,6573190
2024,08,619000,013,1270,75640 ,00000 ,13413 ,216,14500,2, ,80027      ,4,8,12,Superior town,105,105,35073789,1,2,455409,11,44,5938800,1,6,2848806,105,105,35073789,1,2,455409,11,44,5938800,1,6,2848806
2024,08,623000,089,1275,75970 ,00000 ,595 ,999,99999,2, ,81077      ,4,8,12,Swink town,0,0,0,0,0,0,0,0,0,0,0,0,0,0,0,0,0,0,0,0,0,0,0,0
2024,08,625000,119,    ,99990 ,00000 ,15655 ,999,17820,2, ,80863      ,4,8,12,Teller County Unincorporated Area,94,94,23898519,0,0,0,0,0,0,0,0,0,94,94,23898519,0,0,0,0,0,0,0,0,0
2024,08,627000,113,1280,76795 ,00000 ,2416 ,999,99999, , ,81435      ,4,8,12,Telluride town,12,12,47352338,0,0,0,0,0,0,0,0,0,12,12,47352338,0,0,0,0,0,0,0,0,0
2024,08,629000,001,1285,77290 ,00000 ,148113 ,216,19740,2, ,80229      ,4,8,12,Thornton,166,166,73876221,0,0,0,0,0,0,2,81,13883242,166,166,73876221,0,0,0,0,0,0,2,81,13883242
2024,08,631000,069,1290,77510 ,00000 ,3172 ,999,22660,2, ,80547      ,4,8,12,Timnath town,289,289,116970193,0,0,0,0,0,0,1,6,1906286,289,289,116970193,0,0,0,0,0,0,1,6,1906286
2024,08,633000,071,1295,78610 ,00000 ,8127 ,999,99999, , ,81082      ,4,8,12,Trinidad,1,1,300000,0,0,0,0,0,0,0,0,0,1,1,300000,0,0,0,0,0,0,0,0,0
2024,08,637000,037,1307,80040 ,00000 ,5489 ,233,20780, , ,81657      ,4,8,0,Vail town,7,7,21505972,0,0,0,0,0,0,0,0,0,0,0,0,0,0,0,0,0,0,0,0,0
2024,08,639000,119,1310,80865 ,00000 ,426 ,999,17820, , ,80860      ,4,8,12,Victor,0,0,0,0,0,0,0,0,0,0,0,0,0,0,0,0,0,0,0,0,0,0,0,0
2024,08,645000,057,1325,82130 ,00000 ,609 ,999,99999, , ,80480      ,4,8,12,Walden town,0,0,0,0,0,0,0,0,0,0,0,0,0,0,0,0,0,0,0,0,0,0,0,0
2024,08,647000,055,1330,82350 ,00000 ,3003 ,999,99999, , ,81089      ,4,8,12,Walsenburg,0,0,0,0,0,0,0,0,0,2,17,2100000,0,0,0,0,0,0,0,0,0,2,17,2100000
2024,08,649000,009,1335,82460 ,00000 ,513 ,999,99999, , ,810900280  ,4,8,12,Walsh town,0,0,0,0,0,0,0,0,0,0,0,0,0,0,0,0,0,0,0,0,0,0,0,0
2024,08,651000,013,1340,82735 ,00000 ,168 ,216,14500, , ,80481      ,4,8,12,Ward town,0,0,0,0,0,0,0,0,0,0,0,0,0,0,0,0,0,0,0,0,0,0,0,0
2024,08,653000,121,    ,99990 ,00000 ,2709 ,999,99999, , ,80720      ,4,8,12,Washington County Unincorporated Area,2,2,500000,0,0,0,0,0,0,0,0,0,2,2,500000,0,0,0,0,0,0,0,0,0
2024,08,655000,123,    ,99990 ,00000 ,54551 ,216,24540, , ,80631      ,4,8,12,Weld County Unincorporated Area,97,97,32573103,0,0,0,0,0,0,0,0,0,97,97,32573103,0,0,0,0,0,0,0,0,0
2024,08,657000,069,1345,83230 ,00000 ,9620 ,999,22660, , ,80549      ,4,8,12,Wellington town,42,42,11737004,0,0,0,0,0,0,0,0,0,42,42,11737004,0,0,0,0,0,0,0,0,0
2024,08,659000,027,1350,83450 ,00000 ,692 ,999,99999, , ,81252      ,4,8,12,Westcliffe town,5,5,3365000,0,0,0,0,0,0,0,0,0,5,5,3365000,0,0,0,0,0,0,0,0,0
2024,08,661000,001,1355,83835 ,00000 ,69802 ,216,19740,2, ,80031      ,4,8,12,Westminster,69,69,21458481,0,0,0,0,0,0,2,71,12485941,69,69,21458481,0,0,0,0,0,0,2,71,12485941
2024,08,665000,059,1360,84440 ,00000 ,31857 ,216,19740, , ,800338001  ,4,8,0,Wheat Ridge,82,82,21874838,1,2,442400,0,0,0,10,79,13114477,0,0,0,0,0,0,0,0,0,0,0,0
2024,08,667000,087,1363,84770 ,00000 ,1152 ,999,22820, , ,806548933  ,4,8,12,Wiggins town,3,3,1115000,0,0,0,0,0,0,0,0,0,3,3,1115000,0,0,0,0,0,0,0,0,0
2024,08,671000,043,1370,85155 ,00000 ,682 ,444,15860, , ,81226      ,4,8,12,Williamsburg town,4,4,870000,0,0,0,0,0,0,0,0,0,4,4,870000,0,0,0,0,0,0,0,0,0
2024,08,673000,123,4560,85485 ,00000 ,21374 ,216,24540,2, ,80550      ,4,8,11,Windsor town,566,566,229153650,1,2,275552,2,8,2221903,7,50,7385409,555,555,224817315,0,0,0,2,8,2221903,5,37,5885027
2024,08,675000,049,1377,85705 ,00000 ,1106 ,999,99999,2, ,80482      ,4,8,0,Winter Park town,103,103,34884173,0,0,0,0,0,0,2,10,1487102,0,0,0,0,0,0,0,0,0,0,0,0
2024,08,677000,119,1380,86090 ,00000 ,8151 ,999,17820, , ,80866      ,4,8,12,Woodland Park,38,38,20560495,0,0,0,0,0,0,0,0,0,38,38,20560495,0,0,0,0,0,0,0,0,0
2024,08,679000,125,1385,86310 ,00000 ,2353 ,999,99999, , ,80758      ,4,8,0,Wray,12,12,2037336,0,0,0,0,0,0,0,0,0,0,0,0,0,0,0,0,0,0,0,0,0
2024,08,683000,125,1395,86750 ,00000 ,3497 ,999,99999, , ,80759      ,4,8,12,Yuma,0,0,0,0,0,0,0,0,0,0,0,0,0,0,0,0,0,0,0,0,0,0,0,0
