Survey,State,6-Digit,County,Census Place,FIPS Place,FIPS MCD,Pop,CSA,CBSA,Footnote,Central,Zip,Region,Division,Number of,Place,,1-unit,,,2-units,,,3-4 units,,,5+ units,,,1-unit rep,,,2-units rep,,,3-4 units rep,,,5+ units rep
Date,Code,ID,Code,Code,Code,Code,  ,Code,Code,Code,City,Code,Code,Code,Months Rep,Name,Bldgs,Units,Value,Bldgs,Units,Value,Bldgs,Units,Value,Bldgs,Units,Value,Bldgs,Units,Value,Bldgs,Units,Value,Bldgs,Units,Value,Bldgs,Units,Value
2017,08,001000,001,    ,99990 ,00000 ,88292 ,216,19740, , ,80601      ,4,8,12,Adams County Unincorporated Area,208,208,65406540,0,0,0,5,20,1677566,0,0,0,208,208,65406540,0,0,0,5,20,1677566,0,0,0
2017,08,003000,071,0005,00760 ,00000 ,538 ,999,99999, , ,81020      ,4,8,12,Aguilar town,0,0,0,0,0,0,0,0,0,0,0,0,0,0,0,0,0,0,0,0,0,0,0,0
2017,08,005000,121,0010,00925 ,00000 ,1702 ,999,99999, , ,80720      ,4,8,0,Akron town,2,2,446000,0,0,0,0,0,0,0,0,0,0,0,0,0,0,0,0,0,0,0,0,0
2017,08,007000,003,0015,01090 ,00000 ,8780 ,999,99999, , ,81101      ,4,8,0,Alamosa,20,20,1886915,0,0,0,0,0,0,9,49,2531643,0,0,0,0,0,0,0,0,0,0,0,0
2017,08,009000,003,    ,99990 ,00000 ,6562 ,999,99999, , ,81101      ,4,8,0,Alamosa County Unincorporated Area,0,0,0,0,0,0,0,0,0,0,0,0,0,0,0,0,0,0,0,0,0,0,0,0
2017,08,011000,093,0020,01530 ,00000 ,270 ,216,19740, , ,80420      ,4,8,0,Alma town,1,1,205346,0,0,0,0,0,0,0,0,0,0,0,0,0,0,0,0,0,0,0,0,0
2017,08,013000,021,0025,02355 ,00000 ,781 ,999,99999, , ,81120      ,4,8,0,Antonito town,0,0,0,0,0,0,0,0,0,0,0,0,0,0,0,0,0,0,0,0,0,0,0,0
2017,08,015000,005,    ,99990 ,00000 ,83764 ,216,19740, , ,80112      ,4,8,12,Arapahoe County Unincorporated Area,281,281,62277786,0,0,0,0,0,0,1,98,14200000,281,281,62277786,0,0,0,0,0,0,1,98,14200000
2017,08,017000,007,    ,99990 ,00000 ,10357 ,999,99999, , ,81147      ,4,8,12,Archuleta County Unincorporated Area,149,149,34176000,2,4,455000,0,0,0,0,0,0,149,149,34176000,2,4,455000,0,0,0,0,0,0
2017,08,023000,059,0040,03455 ,00000 ,103584 ,216,19740,2, ,80002      ,4,8,12,Arvada,598,598,163765117,0,0,0,4,12,859044,14,442,51908153,598,598,163765117,0,0,0,4,12,859044,14,442,51908153
2017,08,025000,097,0045,03620 ,00000 ,6658 ,999,99999, , ,81611      ,4,8,0,Aspen,19,19,78972408,4,8,4995320,0,0,0,0,0,0,0,0,0,0,0,0,0,0,0,0,0,0
2017,08,027000,123,0050,03950 ,00000 ,1519 ,216,24540, , ,80610      ,4,8,0,Ault town,23,23,4504773,0,0,0,0,0,0,0,0,0,0,0,0,0,0,0,0,0,0,0,0,0
2017,08,031000,005,0055,04000 ,00000 ,285090 ,216,19740,2,1,800121553  ,4,8,12,Aurora,1660,1660,385352179,0,0,0,4,12,2110080,7,257,32550096,1660,1660,385352179,0,0,0,4,12,2110080,7,257,32550096
2017,08,035000,037,0057,04110 ,00000 ,6447 ,999,99999, , ,816200975  ,4,8,12,Avon town,6,6,18930069,0,0,0,1,4,1443952,0,0,0,6,6,18930069,0,0,0,1,4,1443952,0,0,0
2017,08,039000,037,0060,04935 ,00000 ,2926 ,999,99999,2, ,81621      ,4,8,12,Basalt town,6,6,2158159,1,2,301442,0,0,0,1,14,5200000,6,6,2158159,1,2,301442,0,0,0,1,14,5200000
2017,08,043000,067,0065,05265 ,00000 ,2333 ,999,99999, , ,81122      ,4,8,12,Bayfield town,18,18,4081000,0,0,0,0,0,0,0,0,0,18,18,4081000,0,0,0,0,0,0,0,0,0
2017,08,045000,001,0075,06090 ,00000 ,1955 ,216,19740,2, ,801027806  ,4,8,11,Bennett town,5,5,1643687,2,4,818071,0,0,0,0,0,0,5,5,1643687,2,4,818071,0,0,0,0,0,0
2017,08,047000,011,    ,99990 ,00000 ,4089 ,999,99999, , ,81054      ,4,8,0,Bent County Unincorporated Area,3,3,1312395,0,0,0,0,0,0,0,0,0,0,0,0,0,0,0,0,0,0,0,0,0
2017,08,049000,069,0080,06255 ,00000 ,5042 ,999,22660,2, ,80513      ,4,8,12,Berthoud town,434,434,90896374,0,0,0,0,0,0,0,0,0,434,434,90896374,0,0,0,0,0,0,0,0,0
2017,08,051000,063,0085,06530 ,00000 ,237 ,999,99999, , ,80805      ,4,8,12,Bethune town,1,1,75000,0,0,0,0,0,0,0,0,0,1,1,75000,0,0,0,0,0,0,0,0,0
2017,08,053000,047,0090,07025 ,00000 ,118 ,216,19740, , ,80422      ,4,8,12,Black Hawk,0,0,0,0,0,0,0,0,0,0,0,0,0,0,0,0,0,0,0,0,0,0,0,0
2017,08,055000,023,0095,07190 ,00000 ,385 ,999,99999, , ,81123      ,4,8,12,Blanca town,0,0,0,0,0,0,0,0,0,0,0,0,0,0,0,0,0,0,0,0,0,0,0,0
2017,08,057000,117,0097,07410 ,00000 ,849 ,999,99999, , ,80424      ,4,8,12,Blue River town,8,8,2859440,0,0,0,0,0,0,0,0,0,8,8,2859440,0,0,0,0,0,0,0,0,0
2017,08,063000,013,0110,07850 ,00000 ,97385 ,216,14500, ,1,803060791  ,4,8,12,Boulder,74,74,39237206,0,0,0,3,10,2082044,8,118,25008963,74,74,39237206,0,0,0,3,10,2082044,8,118,25008963
2017,08,065000,013,    ,99990 ,00000 ,43380 ,216,14500,2, ,80306      ,4,8,12,Boulder County Unincorporated Area,43,43,32444382,0,0,0,1,3,555000,0,0,0,43,43,32444382,0,0,0,1,3,555000,0,0,0
2017,08,067000,005,0115,08070 ,00000 ,589 ,216,19740,2, ,801231586  ,4,8,12,Bow Mar town,0,0,0,0,0,0,0,0,0,0,0,0,0,0,0,0,0,0,0,0,0,0,0,0
2017,08,073000,117,0125,08400 ,00000 ,4540 ,999,99999, , ,80424      ,4,8,12,Breckenridge town,144,144,89850238,0,0,0,0,0,0,0,0,0,144,144,89850238,0,0,0,0,0,0,0,0,0
2017,08,075000,001,0130,08675 ,00000 ,33009 ,216,19740,2, ,80601      ,4,8,12,Brighton,174,174,56201120,0,0,0,0,0,0,8,192,7604105,174,174,56201120,0,0,0,0,0,0,8,192,7604105
2017,08,079000,043,0140,09115 ,00000 ,233 ,999,99999, , ,81212      ,4,8,12,Brookside town,1,1,254000,0,0,0,0,0,0,0,0,0,1,1,254000,0,0,0,0,0,0,0,0,0
2017,08,083000,014,0143,09280 ,00000 ,55889 ,216,19740,2,1,80020      ,4,8,12,Broomfield,398,398,121313203,0,0,0,0,0,0,3,18,2728128,398,398,121313203,0,0,0,0,0,0,3,18,2728128
2017,08,089000,087,0150,09555 ,00000 ,5463 ,999,99999, , ,80723      ,4,8,0,Brush,0,0,0,0,0,0,0,0,0,0,0,0,0,0,0,0,0,0,0,0,0,0,0,0
2017,08,093000,063,0160,10600 ,00000 ,4254 ,999,99999, , ,80807      ,4,8,12,Burlington,1,1,375000,0,0,0,0,0,0,0,0,0,1,1,375000,0,0,0,0,0,0,0,0,0
2017,08,095000,041,0165,11260 ,00000 ,780 ,999,17820, , ,808088203  ,4,8,12,Calhan town,0,0,0,0,0,0,0,0,0,0,0,0,0,0,0,0,0,0,0,0,0,0,0,0
2017,08,099000,043,0610,11810 ,00000 ,16400 ,999,99999, , ,812151460  ,4,8,12,Canon City,23,23,5736175,0,0,0,0,0,0,1,30,4496000,23,23,5736175,0,0,0,0,0,0,1,30,4496000
2017,08,101000,045,0180,12045 ,00000 ,6427 ,999,99999, , ,81623      ,4,8,12,Carbondale town,15,15,5579558,1,2,194659,0,0,0,0,0,0,15,15,5579558,1,2,194659,0,0,0,0,0,0
2017,08,102900,035,0186,12387 ,00000 ,10360 ,216,19740, , ,80108      ,4,8,12,Castle Pines,47,47,17921610,0,0,0,0,0,0,0,0,0,47,47,17921610,0,0,0,0,0,0,0,0,0
2017,08,103000,035,0188,12415 ,00000 ,48231 ,216,19740, , ,80104      ,4,8,12,Castle Rock town,907,907,248486991,0,0,0,0,0,0,31,332,32196057,907,907,248486991,0,0,0,0,0,0,31,332,32196057
2017,08,105000,029,0190,12635 ,00000 ,2253 ,999,99999, , ,81413      ,4,8,12,Cedaredge town,9,9,1894390,0,0,0,0,0,0,0,0,0,9,9,1894390,0,0,0,0,0,0,0,0,0
2017,08,106000,005,0193,12815 ,00000 ,100377 ,216,19740, , ,80112      ,4,8,12,Centennial,150,150,35454466,0,0,0,1,4,564200,0,0,0,150,150,35454466,0,0,0,1,4,564200,0,0,0
2017,08,109000,109,0195,12855 ,00000 ,2012 ,999,99999,2, ,81125      ,4,8,12,Center town,0,0,0,0,0,0,0,0,0,0,0,0,0,0,0,0,0,0,0,0,0,0,0,0
2017,08,111000,047,0200,12910 ,00000 ,663 ,216,19740,2, ,80427      ,4,8,12,Central City,0,0,0,0,0,0,0,0,0,0,0,0,0,0,0,0,0,0,0,0,0,0,0,0
2017,08,113000,015,    ,00000 ,00000 ,9219 ,999,99999, , ,81201      ,4,8,0,Chaffee County,132,132,34972653,5,10,1619810,4,12,2198800,0,0,0,0,0,0,0,0,0,0,0,0,0,0,0
2017,08,117000,005,0210,13845 ,00000 ,5987 ,216,19740, , ,80113      ,4,8,12,Cherry Hills Village,6,6,10613900,0,0,0,0,0,0,0,0,0,6,6,10613900,0,0,0,0,0,0,0,0,0
2017,08,119000,017,    ,99990 ,00000 ,757 ,999,99999, , ,808100567  ,4,8,0,Cheyenne County Unincorporated Area,3,3,377600,0,0,0,0,0,0,0,0,0,0,0,0,0,0,0,0,0,0,0,0,0
2017,08,121000,017,0215,14175 ,00000 ,846 ,999,99999, , ,80810      ,4,8,12,Cheyenne Wells town,0,0,0,0,0,0,0,0,0,0,0,0,0,0,0,0,0,0,0,0,0,0,0,0
2017,08,123000,019,    ,99990 ,00000 ,5885 ,216,19740,2, ,80444      ,4,8,12,Clear Creek County Unincorporated Area,17,17,5731766,0,0,0,0,0,0,0,0,0,17,17,5731766,0,0,0,0,0,0,0,0,0
2017,08,125000,043,0225,15330 ,00000 ,343 ,999,99999, , ,81221      ,4,8,12,Coal Creek town,1,1,110000,0,0,0,0,0,0,0,0,0,1,1,110000,0,0,0,0,0,0,0,0,0
2017,08,133000,005,0244,16385 ,00000 ,1256 ,216,19740, , ,80123      ,4,8,12,Columbine Valley town,17,17,14344765,0,0,0,0,0,0,0,0,0,17,17,14344765,0,0,0,0,0,0,0,0,0
2017,08,135000,001,0245,16495 ,00000 ,45913 ,216,19740, , ,80022      ,4,8,12,Commerce City,556,556,154237717,4,8,874413,0,0,0,10,221,31892912,556,556,154237717,4,8,874413,0,0,0,10,221,31892912
2017,08,137000,021,    ,99990 ,00000 ,4383 ,999,99999, , ,81129      ,4,8,12,Conejos County Unincorporated Area,21,21,2730000,0,0,0,0,0,0,0,0,0,21,21,2730000,0,0,0,0,0,0,0,0,0
2017,08,139000,083,0250,17375 ,00000 ,8482 ,999,99999, , ,81321      ,4,8,12,Cortez,17,17,4050000,0,0,0,0,0,0,0,0,0,17,17,4050000,0,0,0,0,0,0,0,0,0
2017,08,141000,023,    ,99990 ,00000 ,2510 ,999,99999, , ,81152      ,4,8,0,Costilla County Unincorporated Area,0,0,0,0,0,0,0,0,0,0,0,0,0,0,0,0,0,0,0,0,0,0,0,0
2017,08,143000,081,0255,17760 ,00000 ,9464 ,999,99999,2, ,81625      ,4,8,12,Craig,0,0,0,0,0,0,0,0,0,0,0,0,0,0,0,0,0,0,0,0,0,0,0,0
2017,08,145000,029,0260,17925 ,00000 ,431 ,999,99999, , ,81415      ,4,8,12,Crawford town,0,0,0,0,0,0,0,0,0,0,0,0,0,0,0,0,0,0,0,0,0,0,0,0
2017,08,147000,079,0796,14765 ,00000 ,290 ,999,99999, , ,81130      ,4,8,12,City of Creede town,5,5,870777,0,0,0,0,0,0,0,0,0,5,5,870777,0,0,0,0,0,0,0,0,0
2017,08,149000,051,0270,18310 ,00000 ,1487 ,999,99999, , ,81224      ,4,8,12,Crested Butte town,16,16,7554106,0,0,0,0,0,0,0,0,0,16,16,7554106,0,0,0,0,0,0,0,0,0
2017,08,150000,109,0275,18420 ,00000 ,127 ,999,99999, , ,81131      ,4,8,12,Crestone town,1,1,87000,0,0,0,0,0,0,0,0,0,1,1,87000,0,0,0,0,0,0,0,0,0
2017,08,151000,119,0280,18530 ,00000 ,1189 ,999,17820, , ,80813      ,4,8,0,Cripple Creek,0,0,0,0,0,0,0,0,0,0,0,0,0,0,0,0,0,0,0,0,0,0,0,0
2017,08,153000,075,0285,18640 ,00000 ,110 ,999,99999, , ,80726      ,4,8,12,Crook town,1,1,10000,0,0,0,0,0,0,0,0,0,1,1,10000,0,0,0,0,0,0,0,0,0
2017,08,155000,025,    ,99990 ,00000 ,3964 ,999,99999, , ,81063      ,4,8,12,Crowley County Unincorporated Area,3,3,720000,0,0,0,0,0,0,0,0,0,3,3,720000,0,0,0,0,0,0,0,0,0
2017,08,157000,025,0290,18750 ,00000 ,176 ,999,99999, , ,810330036  ,4,8,12,Crowley town,0,0,0,0,0,0,0,0,0,0,0,0,0,0,0,0,0,0,0,0,0,0,0,0
2017,08,159000,027,    ,99990 ,00000 ,3100 ,999,99999, , ,81252      ,4,8,12,Custer County Unincorporated Area,61,61,16712086,0,0,0,0,0,0,0,0,0,61,61,16712086,0,0,0,0,0,0,0,0,0
2017,08,161000,123,0295,19080 ,00000 ,4152 ,216,24540, , ,805140186  ,4,8,12,Dacono,82,82,21873779,0,0,0,0,0,0,0,0,0,82,82,21873779,0,0,0,0,0,0,0,0,0
2017,08,165000,005,0305,19630 ,00000 ,546 ,216,19740, , ,80105      ,4,8,3,Deer Trail town,16,16,1371289,0,0,0,0,0,0,0,0,0,8,8,534418,0,0,0,0,0,0,0,0,0
2017,08,169000,029,0315,19850 ,00000 ,8915 ,999,99999, , ,81416      ,4,8,12,Delta,6,6,782208,0,0,0,0,0,0,0,0,0,6,6,782208,0,0,0,0,0,0,0,0,0
2017,08,173000,031,0320,20000 ,00000 ,600158 ,216,19740,2,1,80202      ,4,8,12,Denver,2370,2370,560293517,95,190,38194085,2,8,972000,58,7957,962026242,2370,2370,560293517,95,190,38194085,2,8,972000,58,7957,962026242
2017,08,177000,081,0332,20495 ,00000 ,339 ,999,99999, , ,816100238  ,4,8,12,Dinosaur town,1,1,90000,0,0,0,0,0,0,0,0,0,1,1,90000,0,0,0,0,0,0,0,0,0
2017,08,181000,083,0335,20770 ,00000 ,936 ,999,99999, , ,81323      ,4,8,12,Dolores town,0,0,0,1,2,213415,0,0,0,0,0,0,0,0,0,1,2,213415,0,0,0,0,0,0
2017,08,183000,035,    ,99990 ,00000 ,171031 ,216,19740,2, ,80104      ,4,8,12,Douglas County Unincorporated Area,965,965,308311054,1,2,418365,0,0,0,17,655,90492783,965,965,308311054,1,2,418365,0,0,0,17,655,90492783
2017,08,187000,067,0350,22035 ,00000 ,16887 ,999,99999, , ,81301      ,4,8,12,Durango,63,63,18050742,2,4,713001,0,0,0,10,264,29501976,63,63,18050742,2,4,713001,0,0,0,10,264,29501976
2017,08,189000,061,0355,22145 ,00000 ,609 ,999,99999, , ,81036      ,4,8,12,Eads town,0,0,0,0,0,0,0,0,0,0,0,0,0,0,0,0,0,0,0,0,0,0,0,0
2017,08,191000,037,    ,99990 ,00000 ,23240 ,999,99999, , ,81631      ,4,8,12,Eagle County Unincorporated Area,155,155,45113012,0,0,0,0,0,0,0,0,0,155,155,45113012,0,0,0,0,0,0,0,0,0
2017,08,193000,037,0360,22200 ,00000 ,6508 ,999,99999, , ,81631      ,4,8,12,Eagle town,32,32,12611489,0,0,0,3,11,1005956,4,23,3147885,32,32,12611489,0,0,0,3,11,1005956,4,23,3147885
2017,08,195000,123,0370,22860 ,00000 ,4365 ,216,24540, , ,80615      ,4,8,12,Eaton town,95,95,21519376,0,0,0,0,0,0,0,0,0,95,95,21519376,0,0,0,0,0,0,0,0,0
2017,08,197000,125,0375,23025 ,00000 ,257 ,999,99999, , ,807270217  ,4,8,12,Eckley town,1,1,260000,0,0,0,0,0,0,0,0,0,1,1,260000,0,0,0,0,0,0,0,0,0
2017,08,199000,059,0380,23135 ,00000 ,5170 ,216,19740, , ,80214      ,4,8,12,Edgewater,10,10,2556000,0,0,0,0,0,0,0,0,0,10,10,2556000,0,0,0,0,0,0,0,0,0
2017,08,201000,041,    ,99990 ,00000 ,165533 ,999,17820,2, ,80910      ,4,8,12,El Paso County Unincorporated Area,3742,3742,1476222763,2,4,456375,1,3,200000,27,1106,143129078,3742,3742,1476222763,2,4,456375,1,3,200000,27,1106,143129078
2017,08,203000,039,    ,99990 ,00000 ,20387 ,216,19740, , ,80117      ,4,8,12,Elbert County Unincorporated Area,162,162,49495003,0,0,0,0,0,0,0,0,0,162,162,49495003,0,0,0,0,0,0,0,0,0
2017,08,205000,039,0385,23740 ,00000 ,1358 ,216,19740, , ,80107      ,4,8,0,Elizabeth town,1,1,160430,0,0,0,0,0,0,0,0,0,0,0,0,0,0,0,0,0,0,0,0,0
2017,08,209000,005,0395,24785 ,00000 ,30255 ,216,19740, , ,80110      ,4,8,12,Englewood,105,105,24129584,0,0,0,0,0,0,0,0,0,105,105,24129584,0,0,0,0,0,0,0,0,0
2017,08,213000,123,0400,24950 ,00000 ,9787 ,216,24540,2, ,805160750  ,4,8,12,Erie town,494,494,137224006,1,2,333587,36,144,15756764,1,5,966852,494,494,137224006,1,2,333587,36,144,15756764,1,5,966852
2017,08,215000,069,0405,25115 ,00000 ,5858 ,999,22660, , ,80517      ,4,8,12,Estes Park town,23,23,9579895,0,0,0,1,3,1049180,0,0,0,23,23,9579895,0,0,0,1,3,1049180,0,0,0
2017,08,217000,123,0415,25280 ,00000 ,18537 ,216,24540, , ,806152036  ,4,8,12,Evans,107,107,19307594,1,2,376476,1,4,484294,4,20,2871632,107,107,19307594,1,2,376476,1,4,484294,4,20,2871632
2017,08,219000,093,0425,25610 ,00000 ,679 ,216,19740, , ,804400267  ,4,8,12,Fairplay town,1,1,250000,0,0,0,1,4,700000,0,0,0,1,1,250000,0,0,0,1,4,700000,0,0,0
2017,08,221000,001,0430,26270 ,00000 ,11467 ,216,19740, , ,80221      ,4,8,12,Federal Heights,0,0,0,0,0,0,0,0,0,0,0,0,0,0,0,0,0,0,0,0,0,0,0,0
2017,08,223000,123,0435,26600 ,00000 ,10147 ,216,24540, , ,80504      ,4,8,12,Firestone town,158,158,45284545,0,0,0,0,0,0,6,141,7920000,158,158,45284545,0,0,0,0,0,0,6,141,7920000
2017,08,225000,063,0440,26765 ,00000 ,561 ,999,99999, , ,80815      ,4,8,12,Flagler town,1,1,110000,0,0,0,0,0,0,0,0,0,1,1,110000,0,0,0,0,0,0,0,0,0
2017,08,227000,075,0445,26875 ,00000 ,408 ,999,99999, , ,80728      ,4,8,12,Fleming town,0,0,0,0,0,0,0,0,0,0,0,0,0,0,0,0,0,0,0,0,0,0,0,0
2017,08,229000,043,0450,27040 ,00000 ,3881 ,999,99999, , ,81226      ,4,8,12,Florence,4,4,683568,1,2,269000,0,0,0,0,0,0,4,4,683568,1,2,269000,0,0,0,0,0,0
2017,08,231000,069,0455,27425 ,00000 ,143986 ,999,22660, ,1,805228052  ,4,8,12,Fort Collins,657,657,143442813,5,10,1724202,3,12,2486285,39,698,108559313,657,657,143442813,5,10,1724202,3,12,2486285,39,698,108559313
2017,08,233000,123,0465,27700 ,00000 ,7377 ,216,24540, , ,806211343  ,4,8,12,Fort Lupton,16,16,4321088,0,0,0,0,0,0,0,0,0,16,16,4321088,0,0,0,0,0,0,0,0,0
2017,08,235000,087,0470,27810 ,00000 ,11315 ,999,99999, , ,80701      ,4,8,12,Fort Morgan,0,0,0,0,0,0,0,0,0,0,0,0,0,0,0,0,0,0,0,0,0,0,0,0
2017,08,239000,089,0480,27975 ,00000 ,1182 ,999,99999, , ,810391134  ,4,8,12,Fowler town,0,0,0,0,0,0,0,0,0,0,0,0,0,0,0,0,0,0,0,0,0,0,0,0
2017,08,240000,005,0483,28105 ,00000 ,685 ,216,19740, , ,80108      ,4,8,12,Foxfield town,1,1,500000,0,0,0,0,0,0,0,0,0,1,1,500000,0,0,0,0,0,0,0,0,0
2017,08,243000,123,0490,28360 ,00000 ,8679 ,216,24540, , ,805300435  ,4,8,12,Frederick town,221,221,53664341,0,0,0,2,8,1434674,0,0,0,221,221,53664341,0,0,0,2,8,1434674,0,0,0
2017,08,245000,043,    ,99990 ,00000 ,24818 ,999,99999, , ,81212      ,4,8,12,Fremont County Unincorporated Area,55,55,11664860,0,0,0,0,0,0,0,0,0,55,55,11664860,0,0,0,0,0,0,0,0,0
2017,08,247000,117,0500,28690 ,00000 ,2683 ,999,99999, , ,80443      ,4,8,0,Frisco town,41,41,11979020,0,0,0,0,0,0,1,48,8266664,0,0,0,0,0,0,0,0,0,0,0,0
2017,08,251000,123,0510,29185 ,00000 ,234 ,216,24540, , ,806318466  ,4,8,12,Garden City town,0,0,0,0,0,0,0,0,0,0,0,0,0,0,0,0,0,0,0,0,0,0,0,0
2017,08,253000,045,    ,99990 ,00000 ,22643 ,999,99999, , ,81601      ,4,8,12,Garfield County Unincorporated Area,81,81,22456111,0,0,0,0,0,0,0,0,0,81,81,22456111,0,0,0,0,0,0,0,0,0
2017,08,257000,019,0520,29735 ,00000 ,1034 ,216,19740, , ,80444      ,4,8,12,Georgetown town,3,3,506374,0,0,0,0,0,0,1,10,1454170,3,3,506374,0,0,0,0,0,0,1,10,1454170
2017,08,259000,123,0525,29955 ,00000 ,1034 ,216,24540, , ,806230128  ,4,8,12,Gilcrest town,1,1,135333,0,0,0,0,0,0,0,0,0,1,1,135333,0,0,0,0,0,0,0,0,0
2017,08,261000,047,    ,99990 ,00000 ,4660 ,216,19740, , ,80427      ,4,8,12,Gilpin County Unincorporated Area,34,34,9489619,0,0,0,0,0,0,0,0,0,34,34,9489619,0,0,0,0,0,0,0,0,0
2017,08,263000,005,0530,30340 ,00000 ,4184 ,216,19740, , ,80222      ,4,8,12,Glendale,0,0,0,0,0,0,0,0,0,0,0,0,0,0,0,0,0,0,0,0,0,0,0,0
2017,08,265000,045,0535,30780 ,00000 ,9614 ,999,99999, , ,81601      ,4,8,0,Glenwood Springs,0,0,0,0,0,0,0,0,0,0,0,0,0,0,0,0,0,0,0,0,0,0,0,0
2017,08,267000,059,0540,30835 ,00000 ,18867 ,216,19740, , ,80401      ,4,8,12,Golden,30,30,7100325,0,0,0,0,0,0,0,0,0,30,30,7100325,0,0,0,0,0,0,0,0,0
2017,08,269000,099,0545,31550 ,00000 ,517 ,999,99999, , ,81041      ,4,8,0,Granada town,0,0,0,0,0,0,0,0,0,0,0,0,0,0,0,0,0,0,0,0,0,0,0,0
2017,08,273000,049,    ,99990 ,00000 ,8178 ,999,99999,2, ,80451      ,4,8,12,Grand County Unincorporated Area,101,101,34340379,0,0,0,0,0,0,0,0,0,101,101,34340379,0,0,0,0,0,0,0,0,0
2017,08,279000,123,0570,32155 ,00000 ,92889 ,216,24540, ,1,80631      ,4,8,12,Greeley,120,120,28889215,1,2,382663,2,8,1129881,16,219,38750415,120,120,28889215,1,2,382663,2,8,1129881,16,219,38750415
2017,08,285000,005,0580,33035 ,00000 ,13925 ,216,19740, , ,80111      ,4,8,12,Greenwood Village,13,13,10229265,0,0,0,0,0,0,1,6,875984,13,13,10229265,0,0,0,0,0,0,1,6,875984
2017,08,287000,123,0585,33310 ,00000 ,137 ,216,24540, , ,80729      ,4,8,12,Grover town,0,0,0,0,0,0,0,0,0,0,0,0,0,0,0,0,0,0,0,0,0,0,0,0
2017,08,289000,051,0590,33640 ,00000 ,5854 ,999,99999, , ,81230      ,4,8,12,Gunnison,41,41,6490814,0,0,0,0,0,0,0,0,0,41,41,6490814,0,0,0,0,0,0,0,0,0
2017,08,291000,051,    ,99990 ,00000 ,6985 ,999,99999, , ,81230      ,4,8,12,Gunnison County Unincorporated Area,79,79,19390231,1,2,396041,0,0,0,0,0,0,79,79,19390231,1,2,396041,0,0,0,0,0,0
2017,08,293000,037,0595,33695 ,00000 ,6477 ,999,99999, , ,81637      ,4,8,12,Gypsum town,45,45,808974,0,0,0,0,0,0,3,66,5613227,45,45,808974,0,0,0,0,0,0,3,66,5613227
2017,08,299000,095,0610,34960 ,00000 ,946 ,999,99999, , ,80731      ,4,8,12,Haxtun town,1,1,75000,0,0,0,0,0,0,0,0,0,1,1,75000,0,0,0,0,0,0,0,0,0
2017,08,301000,107,0615,35070 ,00000 ,1810 ,999,99999, , ,816390190  ,4,8,0,Hayden town,4,4,797065,0,0,0,0,0,0,0,0,0,0,0,0,0,0,0,0,0,0,0,0,0
2017,08,303000,087,0620,36610 ,00000 ,264 ,999,99999, , ,80733      ,4,8,0,Hillrose town,1,1,100000,0,0,0,0,0,0,0,0,0,0,0,0,0,0,0,0,0,0,0,0,0
2017,08,305000,053,    ,00000 ,00000 ,435 ,999,99999, , ,81235      ,4,8,12,Hinsdale County,8,8,3371400,0,0,0,0,0,0,0,0,0,8,8,3371400,0,0,0,0,0,0,0,0,0
2017,08,307000,099,0625,37215 ,00000 ,802 ,999,99999, , ,810470458  ,4,8,12,Holly town,1,1,210000,0,0,0,0,0,0,0,0,0,1,1,210000,0,0,0,0,0,0,0,0,0
2017,08,309000,095,0630,37270 ,00000 ,2313 ,999,99999, , ,80734      ,4,8,12,Holyoke,9,9,954937,1,2,243500,0,0,0,0,0,0,9,9,954937,1,2,243500,0,0,0,0,0,0
2017,08,311000,003,0635,37380 ,00000 ,103 ,999,99999, , ,811360001  ,4,8,0,Hooper town,0,0,0,0,0,0,0,0,0,0,0,0,0,0,0,0,0,0,0,0,0,0,0,0
2017,08,315000,029,0640,37545 ,00000 ,944 ,999,99999, , ,81419      ,4,8,12,Hotchkiss town,0,0,0,0,0,0,0,0,0,0,0,0,0,0,0,0,0,0,0,0,0,0,0,0
2017,08,317000,123,0650,37820 ,00000 ,2356 ,216,24540, , ,80642      ,4,8,0,Hudson town,0,0,0,0,0,0,0,0,0,0,0,0,0,0,0,0,0,0,0,0,0,0,0,0
2017,08,319000,055,    ,99990 ,00000 ,2843 ,999,99999, , ,81089      ,4,8,0,Huerfano County Unincorporated Area,36,36,6575217,0,0,0,0,0,0,0,0,0,0,0,0,0,0,0,0,0,0,0,0,0
2017,08,321000,073,0655,37875 ,00000 ,730 ,999,99999, , ,80821      ,4,8,12,Hugo town,3,3,491052,0,0,0,0,0,0,0,0,0,3,3,491052,0,0,0,0,0,0,0,0,0
2017,08,323000,019,0660,38370 ,00000 ,1717 ,216,19740, , ,80452      ,4,8,12,Idaho Springs,0,0,0,0,0,0,0,0,0,0,0,0,0,0,0,0,0,0,0,0,0,0,0,0
2017,08,325000,067,0665,38535 ,00000 ,697 ,999,99999, , ,81137      ,4,8,12,Ignacio town,2,2,500000,0,0,0,0,0,0,0,0,0,2,2,500000,0,0,0,0,0,0,0,0,0
2017,08,327000,075,0670,38590 ,00000 ,266 ,999,99999, , ,807360194  ,4,8,12,Iliff town,0,0,0,0,0,0,0,0,0,0,0,0,0,0,0,0,0,0,0,0,0,0,0,0
2017,08,329000,057,    ,99990 ,00000 ,786 ,999,99999, , ,804801019  ,4,8,12,Jackson County Unincorporated Area,9,9,1105705,0,0,0,0,0,0,0,0,0,9,9,1105705,0,0,0,0,0,0,0,0,0
2017,08,333000,059,    ,99990 ,00000 ,187757 ,216,19740, , ,804193540  ,4,8,12,Jefferson County Unincorporated Area,375,375,108336077,0,0,0,0,0,0,2,45,4639332,375,375,108336077,0,0,0,0,0,0,2,45,4639332
2017,08,335000,123,0690,39855 ,00000 ,9350 ,216,24540,2, ,805340609  ,4,8,12,Johnstown town,135,135,38479326,0,0,0,0,0,0,10,212,18839013,135,135,38479326,0,0,0,0,0,0,10,212,18839013
2017,08,337000,115,0695,39965 ,00000 ,1225 ,999,99999, , ,80737      ,4,8,12,Julesburg town,2,2,600000,0,0,0,0,0,0,0,0,0,2,2,600000,0,0,0,0,0,0,0,0,0
2017,08,339000,123,0700,40185 ,00000 ,1127 ,216,24540, , ,80643      ,4,8,12,Keenesburg town,3,3,796000,0,0,0,0,0,0,0,0,0,3,3,796000,0,0,0,0,0,0,0,0,0
2017,08,341000,123,0710,40515 ,00000 ,1454 ,216,24540, , ,80644      ,4,8,12,Kersey town,5,5,209886,0,0,0,0,0,0,0,0,0,5,5,209886,0,0,0,0,0,0,0,0,0
2017,08,345000,061,    ,99990 ,00000 ,633 ,999,99999, , ,810360295  ,4,8,12,Kiowa County Unincorporated Area,0,0,0,0,0,0,0,0,0,0,0,0,0,0,0,0,0,0,0,0,0,0,0,0
2017,08,347000,039,0715,40790 ,00000 ,723 ,216,19740, , ,80117      ,4,8,12,Kiowa town,0,0,0,0,0,0,0,0,0,0,0,0,0,0,0,0,0,0,0,0,0,0,0,0
2017,08,351000,017,0720,41010 ,00000 ,233 ,999,99999, , ,80825      ,4,8,0,Kit Carson town,0,0,0,0,0,0,0,0,0,0,0,0,0,0,0,0,0,0,0,0,0,0,0,0
2017,08,355000,021,0740,42055 ,00000 ,818 ,999,99999, , ,81140      ,4,8,12,La Jara town,3,3,318900,0,0,0,0,0,0,0,0,0,3,3,318900,0,0,0,0,0,0,0,0,0
2017,08,357000,089,0745,42110 ,00000 ,7077 ,999,99999, , ,81050      ,4,8,12,La Junta,0,0,0,1,2,200000,0,0,0,0,0,0,0,0,0,1,2,200000,0,0,0,0,0,0
2017,08,359000,067,    ,99990 ,00000 ,31417 ,999,99999, , ,81301      ,4,8,12,La Plata County Unincorporated Area,213,213,130492804,0,0,0,0,0,0,0,0,0,213,213,130492804,0,0,0,0,0,0,0,0,0
2017,08,361000,123,0775,43605 ,00000 ,1955 ,216,24540, , ,80645      ,4,8,12,La Salle town,0,0,0,0,0,0,0,0,0,0,0,0,0,0,0,0,0,0,0,0,0,0,0,0
2017,08,363000,055,0785,44100 ,00000 ,800 ,999,99999, , ,81055      ,4,8,12,La Veta town,6,6,1234900,0,0,0,0,0,0,0,0,0,6,6,1234900,0,0,0,0,0,0,0,0,0
2017,08,365000,013,0735,41835 ,00000 ,24453 ,216,14500, , ,80026      ,4,8,11,Lafayette,193,193,49490312,1,2,328644,1,3,348054,4,73,7271327,178,178,46687431,0,0,0,0,0,0,3,68,6531420
2017,08,369000,065,    ,99990 ,00000 ,4708 ,999,99999, , ,80461      ,4,8,12,Lake County Unincorporated Area,20,20,7336653,0,0,0,0,0,0,0,0,0,20,20,7336653,0,0,0,0,0,0,0,0,0
2017,08,371000,059,0755,42495 ,00000 ,8 ,216,19740,2, ,80237      ,4,8,12,Lakeside town,0,0,0,0,0,0,0,0,0,0,0,0,0,0,0,0,0,0,0,0,0,0,0,0
2017,08,373000,059,0760,43000 ,00000 ,142980 ,216,19740, ,1,80226      ,4,8,12,Lakewood,187,187,52134598,2,4,521500,1,4,851486,9,644,90976470,187,187,52134598,2,4,521500,1,4,851486,9,644,90976470
2017,08,375000,099,0765,43110 ,00000 ,7804 ,999,99999, , ,81052      ,4,8,12,Lamar,1,1,300000,0,0,0,0,0,0,0,0,0,1,1,300000,0,0,0,0,0,0,0,0,0
2017,08,377000,069,    ,99990 ,00000 ,65860 ,999,22660, , ,805221190  ,4,8,12,Larimer County Unincorporated Area,164,164,57465054,5,10,788727,0,0,0,0,0,0,164,164,57465054,5,10,788727,0,0,0,0,0,0
2017,08,381000,011,0780,43660 ,00000 ,2410 ,999,99999, , ,81054      ,4,8,12,Las Animas,0,0,0,0,0,0,0,0,0,0,0,0,0,0,0,0,0,0,0,0,0,0,0,0
2017,08,383000,071,    ,99990 ,00000 ,5537 ,999,99999,2, ,81082      ,4,8,12,Las Animas County Unincorporated Area,17,17,2091000,0,0,0,0,0,0,0,0,0,17,17,2091000,0,0,0,0,0,0,0,0,0
2017,08,385000,065,0790,44320 ,00000 ,2602 ,999,99999, , ,80461      ,4,8,0,Leadville,4,4,934200,0,0,0,0,0,0,0,0,0,0,0,0,0,0,0,0,0,0,0,0,0
2017,08,387000,073,0800,44980 ,00000 ,1880 ,999,99999, , ,80828      ,4,8,12,Limon town,1,1,250497,0,0,0,0,0,0,0,0,0,1,1,250497,0,0,0,0,0,0,0,0,0
2017,08,389000,073,    ,99990 ,00000 ,2525 ,999,99999, , ,80821      ,4,8,0,Lincoln County Unincorporated Area,7,7,898333,0,0,0,0,0,0,0,0,0,0,0,0,0,0,0,0,0,0,0,0,0
2017,08,391000,005,0810,45255 ,00000 ,39328 ,216,19740,2, ,80165      ,4,8,12,Littleton,58,58,15261625,12,24,2228901,0,0,0,0,0,0,58,58,15261625,12,24,2228901,0,0,0,0,0,0
2017,08,395000,123,0813,45530 ,00000 ,4724 ,216,24540,2, ,806016416  ,4,8,12,Lochbuie town,187,187,40880338,0,0,0,0,0,0,0,0,0,187,187,40880338,0,0,0,0,0,0,0,0,0
2017,08,397000,087,0815,45695 ,00000 ,873 ,999,99999, , ,80705      ,4,8,12,Log Lane Village town,0,0,0,0,0,0,0,0,0,0,0,0,0,0,0,0,0,0,0,0,0,0,0,0
2017,08,399000,075,    ,99990 ,00000 ,6626 ,999,99999, , ,80751      ,4,8,12,Logan County Unincorporated Area,8,8,1360648,0,0,0,0,0,0,0,0,0,8,8,1360648,0,0,0,0,0,0,0,0,0
2017,08,399500,035,0817,45955 ,00000 ,10218 ,216,19740, , ,80124      ,4,8,7,Lone Tree,62,62,21134155,0,0,0,0,0,0,0,0,0,28,28,7601394,0,0,0,0,0,0,0,0,0
2017,08,401000,013,0820,45970 ,00000 ,86240 ,216,14500,2, ,80501      ,4,8,12,Longmont,358,358,131598383,0,0,0,0,0,0,39,646,92520321,358,358,131598383,0,0,0,0,0,0,39,646,92520321
2017,08,403000,013,0825,46355 ,00000 ,18376 ,216,14500, , ,80027      ,4,8,12,Louisville,43,43,12285923,0,0,0,0,0,0,0,0,0,43,43,12285923,0,0,0,0,0,0,0,0,0
2017,08,405000,069,2640,46465 ,00000 ,66859 ,999,22660, , ,80537      ,4,8,12,Loveland,283,283,77842433,0,0,0,0,0,0,4,175,22817406,283,283,77842433,0,0,0,0,0,0,4,175,22817406
2017,08,407000,013,0835,47070 ,00000 ,2033 ,216,14500, , ,80540      ,4,8,12,Lyons town,6,6,2355615,2,4,480000,0,0,0,0,0,0,6,6,2355615,2,4,480000,0,0,0,0,0,0
2017,08,411000,083,0845,48115 ,00000 ,1336 ,999,99999, , ,81328      ,4,8,3,Mancos town,4,4,768286,0,0,0,0,0,0,0,0,0,1,1,210000,0,0,0,0,0,0,0,0,0
2017,08,415000,089,0855,48500 ,00000 ,434 ,999,99999, , ,81068      ,4,8,12,Manzanola town,0,0,0,0,0,0,0,0,0,0,0,0,0,0,0,0,0,0,0,0,0,0,0,0
2017,08,417000,051,0860,48555 ,00000 ,131 ,999,99999, , ,81623      ,4,8,0,Marble town,2,2,800000,0,0,0,0,0,0,0,0,0,0,0,0,0,0,0,0,0,0,0,0,0
2017,08,419000,123,0865,49600 ,00000 ,3405 ,216,24540, , ,80542      ,4,8,12,Mead town,36,36,10469184,0,0,0,0,0,0,0,0,0,36,36,10469184,0,0,0,0,0,0,0,0,0
2017,08,421000,103,0875,49875 ,00000 ,2475 ,999,99999, , ,81641      ,4,8,12,Meeker town,2,2,435000,0,0,0,0,0,0,0,0,0,2,2,435000,0,0,0,0,0,0,0,0,0
2017,08,423000,075,0880,50040 ,00000 ,284 ,999,99999, , ,80741      ,4,8,0,Merino town,0,0,0,0,0,0,0,0,0,0,0,0,0,0,0,0,0,0,0,0,0,0,0,0
2017,08,425000,077,    ,00000 ,00000 ,71607 ,999,24300, , ,815025001  ,4,8,12,Mesa County,665,665,132856671,4,8,999726,1,4,555397,2,78,8029855,665,665,132856671,4,8,999726,1,4,555397,2,78,8029855
2017,08,427000,123,0885,50480 ,00000 ,5610 ,216,24540, , ,80543      ,4,8,12,Milliken town,193,193,36496507,0,0,0,2,8,1284512,0,0,0,193,193,36496507,0,0,0,2,8,1284512,0,0,0
2017,08,429000,079,    ,99990 ,00000 ,422 ,999,99999, , ,81130      ,4,8,0,Mineral County Unincorporated Area,14,14,2618902,0,0,0,0,0,0,0,0,0,0,0,0,0,0,0,0,0,0,0,0,0
2017,08,431000,037,0890,50920 ,00000 ,1027 ,999,99999, , ,816450309  ,4,8,0,Minturn town,9,9,4500000,0,0,0,0,0,0,0,0,0,0,0,0,0,0,0,0,0,0,0,0,0
2017,08,433000,081,    ,99990 ,00000 ,3992 ,999,99999,2, ,81625      ,4,8,12,Moffat County Unincorporated Area,10,10,2062850,0,0,0,0,0,0,0,0,0,10,10,2062850,0,0,0,0,0,0,0,0,0
2017,08,435000,109,0895,51250 ,00000 ,116 ,999,99999, , ,81143      ,4,8,12,Moffat town,0,0,0,0,0,0,0,0,0,0,0,0,0,0,0,0,0,0,0,0,0,0,0,0
2017,08,443000,085,0910,51745 ,00000 ,19132 ,999,99999, , ,81402      ,4,8,12,Montrose,99,99,16528313,0,0,0,1,3,495000,0,0,0,99,99,16528313,0,0,0,1,3,495000,0,0,0
2017,08,445000,085,    ,99990 ,00000 ,19038 ,999,99999, , ,81401      ,4,8,12,Montrose County Unincorporated Area,100,100,15917886,0,0,0,0,0,0,0,0,0,100,100,15917886,0,0,0,0,0,0,0,0,0
2017,08,449000,087,    ,99990 ,00000 ,9351 ,999,99999, , ,80701      ,4,8,0,Morgan County Unincorporated Area,49,49,10175064,0,0,0,0,0,0,0,0,0,0,0,0,0,0,0,0,0,0,0,0,0
2017,08,451000,059,0920,52075 ,00000 ,428 ,216,19740, , ,804653001  ,4,8,12,Morrison town,0,0,0,0,0,0,0,0,0,0,0,0,0,0,0,0,0,0,0,0,0,0,0,0
2017,08,453000,051,0928,52570 ,00000 ,801 ,999,99999, , ,81225      ,4,8,12,Mount Crested Butte town,2,2,6758115,0,0,0,0,0,0,0,0,0,2,2,6758115,0,0,0,0,0,0,0,0,0
2017,08,455000,059,0925,52350 ,00000 ,507 ,216,19740, , ,80212      ,4,8,12,Mountain View town,0,0,0,0,0,0,0,0,0,0,0,0,0,0,0,0,0,0,0,0,0,0,0,0
2017,08,456000,113,0926,52550 ,00000 ,1320 ,999,99999, , ,81435      ,4,8,0,Mountain Village town,6,6,21622053,0,0,0,0,0,0,0,0,0,0,0,0,0,0,0,0,0,0,0,0,0
2017,08,457000,085,0930,53120 ,00000 ,546 ,999,99999, , ,81422      ,4,8,12,Naturita town,0,0,0,0,0,0,0,0,0,0,0,0,0,0,0,0,0,0,0,0,0,0,0,0
2017,08,459000,013,0935,53175 ,00000 ,1445 ,216,14500, , ,80466      ,4,8,12,Nederland town,8,8,1717117,0,0,0,0,0,0,0,0,0,8,8,1717117,0,0,0,0,0,0,0,0,0
2017,08,461000,045,0940,53395 ,00000 ,4518 ,999,99999, , ,81647      ,4,8,12,New Castle town,10,10,1927149,1,2,308249,4,12,1761262,6,50,10000000,10,10,1927149,1,2,308249,4,12,1761262,6,50,10000000
2017,08,463000,001,0943,54330 ,00000 ,35777 ,216,19740,2, ,80233      ,4,8,12,Northglenn,0,0,0,3,6,1239550,0,0,0,0,0,0,0,0,0,3,6,1239550,0,0,0,0,0,0
2017,08,469000,085,0955,54935 ,00000 ,711 ,999,99999, , ,81424      ,4,8,12,Nucla town,0,0,0,0,0,0,0,0,0,0,0,0,0,0,0,0,0,0,0,0,0,0,0,0
2017,08,471000,123,0960,55045 ,00000 ,416 ,216,24540, , ,806480171  ,4,8,12,Nunn town,1,1,161000,0,0,0,0,0,0,0,0,0,1,1,161000,0,0,0,0,0,0,0,0,0
2017,08,475000,085,0970,55540 ,00000 ,1849 ,999,99999, , ,81425      ,4,8,12,Olathe town,0,0,0,0,0,0,2,8,746640,0,0,0,0,0,0,0,0,0,2,8,746640,0,0,0
2017,08,477000,025,0975,55705 ,00000 ,345 ,999,99999, , ,810620156  ,4,8,12,Olney Springs town,0,0,0,0,0,0,0,0,0,0,0,0,0,0,0,0,0,0,0,0,0,0,0,0
2017,08,479000,113,0980,55870 ,00000 ,159 ,999,99999, , ,81426      ,4,8,12,Ophir town,2,2,1000000,0,0,0,0,0,0,0,0,0,2,2,1000000,0,0,0,0,0,0,0,0,0
2017,08,481000,029,0985,55980 ,00000 ,3119 ,999,99999, , ,814108258  ,4,8,12,Orchard City town,16,16,1876784,0,0,0,0,0,0,0,0,0,16,16,1876784,0,0,0,0,0,0,0,0,0
2017,08,483000,025,0995,56145 ,00000 ,1080 ,999,99999, , ,81063      ,4,8,12,Ordway town,0,0,0,0,0,0,0,0,0,0,0,0,0,0,0,0,0,0,0,0,0,0,0,0
2017,08,485000,089,    ,99990 ,00000 ,5312 ,999,99999, , ,81050      ,4,8,12,Otero County Unincorporated Area,2,2,285000,0,0,0,0,0,0,0,0,0,2,2,285000,0,0,0,0,0,0,0,0,0
2017,08,489000,091,1005,56420 ,00000 ,1000 ,999,99999, , ,81427      ,4,8,12,Ouray,3,3,690000,0,0,0,0,0,0,0,0,0,3,3,690000,0,0,0,0,0,0,0,0,0
2017,08,491000,091,    ,99990 ,00000 ,2512 ,999,99999, , ,814320028  ,4,8,0,Ouray County Unincorporated Area,33,33,13390836,0,0,0,0,0,0,0,0,0,0,0,0,0,0,0,0,0,0,0,0,0
2017,08,493000,115,1010,56475 ,00000 ,318 ,999,99999, , ,80744      ,4,8,12,Ovid town,0,0,0,0,0,0,0,0,0,0,0,0,0,0,0,0,0,0,0,0,0,0,0,0
2017,08,495000,007,1015,56860 ,00000 ,1727 ,999,99999, , ,811471859  ,4,8,12,Pagosa Springs town,15,15,4457798,1,2,410000,1,3,1356080,0,0,0,15,15,4457798,1,2,410000,1,3,1356080,0,0,0
2017,08,501000,095,1030,57245 ,00000 ,34 ,999,99999, , ,80746      ,4,8,12,Paoli town,1,1,50000,0,0,0,0,0,0,0,0,0,1,1,50000,0,0,0,0,0,0,0,0,0
2017,08,503000,029,1035,57300 ,00000 ,1451 ,999,99999, , ,81428      ,4,8,12,Paonia town,15,15,4365775,0,0,0,0,0,0,0,0,0,15,15,4365775,0,0,0,0,0,0,0,0,0
2017,08,505000,045,1037,57400 ,00000 ,1085 ,999,99999, , ,81632      ,4,8,0,Parachute town,0,0,0,0,0,0,0,0,0,0,0,0,0,0,0,0,0,0,0,0,0,0,0,0
2017,08,507000,093,    ,99990 ,00000 ,15257 ,216,19740, , ,80440      ,4,8,12,Park County Unincorporated Area,148,148,31876764,0,0,0,0,0,0,0,0,0,148,148,31876764,0,0,0,0,0,0,0,0,0
2017,08,509000,035,1039,57630 ,00000 ,45297 ,216,19740, , ,80134      ,4,8,12,Parker town,414,414,151822105,0,0,0,0,0,0,19,358,48540272,414,414,151822105,0,0,0,0,0,0,19,358,48540272
2017,08,511000,075,1040,58235 ,00000 ,238 ,999,99999, , ,807470007  ,4,8,12,Peetz town,0,0,0,0,0,0,0,0,0,0,0,0,0,0,0,0,0,0,0,0,0,0,0,0
2017,08,513000,095,    ,99990 ,00000 ,1149 ,999,99999, , ,80734      ,4,8,12,Phillips County Unincorporated Area,5,5,1037465,0,0,0,0,0,0,0,0,0,5,5,1037465,0,0,0,0,0,0,0,0,0
2017,08,515000,123,1045,59005 ,00000 ,834 ,216,24540, , ,80650      ,4,8,12,Pierce town,3,3,536275,0,0,0,0,0,0,0,0,0,3,3,536275,0,0,0,0,0,0,0,0,0
2017,08,517000,097,    ,99990 ,00000 ,6733 ,999,99999, , ,81611      ,4,8,12,Pitkin County Unincorporated Area,21,21,102995840,0,0,0,0,0,0,0,0,0,21,21,102995840,0,0,0,0,0,0,0,0,0
2017,08,519000,051,1050,59830 ,00000 ,66 ,999,99999, , ,81241      ,4,8,0,Pitkin town,0,0,0,0,0,0,0,0,0,0,0,0,0,0,0,0,0,0,0,0,0,0,0,0
2017,08,521000,123,1055,60160 ,00000 ,2485 ,216,24540, , ,806517503  ,4,8,12,Platteville town,0,0,0,0,0,0,0,0,0,0,0,0,0,0,0,0,0,0,0,0,0,0,0,0
2017,08,529000,099,    ,99990 ,00000 ,2942 ,999,99999, , ,81052      ,4,8,12,Prowers County Unincorporated Area,1,1,100000,0,0,0,0,0,0,0,0,0,1,1,100000,0,0,0,0,0,0,0,0,0
2017,08,533000,101,    ,99990 ,00000 ,51976 ,444,39380,2, ,81003      ,4,8,9,Pueblo County Unincorporated Area,352,352,60034847,3,6,823241,0,0,0,2,10,1413226,277,277,47118146,1,2,319017,0,0,0,0,0,0
2017,08,535000,041,1090,62660 ,00000 ,123 ,999,17820, , ,808320129  ,4,8,12,Ramah town,0,0,0,0,0,0,0,0,0,0,0,0,0,0,0,0,0,0,0,0,0,0,0,0
2017,08,537000,103,1095,62880 ,00000 ,2365 ,999,99999, , ,816483048  ,4,8,12,Rangely town,1,1,300000,0,0,0,0,0,0,0,0,0,1,1,300000,0,0,0,0,0,0,0,0,0
2017,08,541000,037,1110,63265 ,00000 ,267 ,999,99999, , ,816490040  ,4,8,12,Red Cliff town,3,3,850000,1,2,578656,0,0,0,0,0,0,3,3,850000,1,2,578656,0,0,0,0,0,0
2017,08,543000,033,1115,64090 ,00000 ,265 ,999,99999, , ,81332      ,4,8,12,Rico town,0,0,0,0,0,0,0,0,0,0,0,0,0,0,0,0,0,0,0,0,0,0,0,0
2017,08,545000,091,1120,64200 ,00000 ,924 ,999,99999, , ,814320010  ,4,8,0,Ridgway town,9,9,2308500,0,0,0,1,4,300000,0,0,0,0,0,0,0,0,0,0,0,0,0,0,0
2017,08,547000,045,1125,64255 ,00000 ,9172 ,999,99999, , ,816501908  ,4,8,12,Rifle,7,7,1646027,0,0,0,0,0,0,0,0,0,7,7,1646027,0,0,0,0,0,0,0,0,0
2017,08,549000,103,    ,99990 ,00000 ,1826 ,999,99999, , ,816410599  ,4,8,12,Rio Blanco County Unincorporated Area,10,10,7434151,0,0,0,0,0,0,0,0,0,10,10,7434151,0,0,0,0,0,0,0,0,0
2017,08,551000,105,    ,99990 ,00000 ,5248 ,999,99999,2, ,81132      ,4,8,12,Rio Grande County Unincorporated Area,23,23,4859863,0,0,0,0,0,0,0,0,0,23,23,4859863,0,0,0,0,0,0,0,0,0
2017,08,553000,043,1130,64970 ,00000 ,487 ,999,99999, , ,812440091  ,4,8,12,Rockvale town,0,0,0,0,0,0,0,0,0,0,0,0,0,0,0,0,0,0,0,0,0,0,0,0
2017,08,555000,089,1135,65190 ,00000 ,3957 ,999,99999, , ,810671702  ,4,8,0,Rocky Ford,0,0,0,0,0,0,0,0,0,0,0,0,0,0,0,0,0,0,0,0,0,0,0,0
2017,08,559000,107,    ,99990 ,00000 ,8298 ,999,99999,2, ,80477      ,4,8,12,Routt County Unincorporated Area,111,111,84506094,0,0,0,0,0,0,0,0,0,111,111,84506094,0,0,0,0,0,0,0,0,0
2017,08,563000,109,    ,99990 ,00000 ,3352 ,999,99999, , ,81149      ,4,8,12,Saguache County Unincorporated Area,92,92,6195152,0,0,0,0,0,0,0,0,0,92,92,6195152,0,0,0,0,0,0,0,0,0
2017,08,565000,109,1155,67005 ,00000 ,485 ,999,99999, , ,811490417  ,4,8,6,Saguache town,0,0,0,0,0,0,0,0,0,0,0,0,0,0,0,0,0,0,0,0,0,0,0,0
2017,08,569000,111,    ,99990 ,00000 ,62 ,999,99999, , ,81433      ,4,8,12,San Juan County Unincorporated Area,2,2,507000,0,0,0,0,0,0,0,0,0,2,2,507000,0,0,0,0,0,0,0,0,0
2017,08,571000,023,1169,68105 ,00000 ,629 ,999,99999, , ,811520659  ,4,8,12,San Luis town,0,0,0,0,0,0,0,0,0,0,0,0,0,0,0,0,0,0,0,0,0,0,0,0
2017,08,573000,113,    ,99990 ,00000 ,2997 ,999,99999,2, ,81435      ,4,8,12,San Miguel County Unincorporated Area,34,34,33307828,0,0,0,0,0,0,0,0,0,34,34,33307828,0,0,0,0,0,0,0,0,0
2017,08,577000,113,1175,68655 ,00000 ,40 ,999,99999, , ,814300248  ,4,8,12,Sawpit town,1,1,320000,0,0,0,0,0,0,0,0,0,1,1,320000,0,0,0,0,0,0,0,0,0
2017,08,579000,115,    ,99990 ,00000 ,690 ,999,99999, , ,80737      ,4,8,12,Sedgwick County Unincorporated Area,0,0,0,0,0,0,0,0,0,0,0,0,0,0,0,0,0,0,0,0,0,0,0,0
2017,08,581000,115,1185,68930 ,00000 ,146 ,999,99999, , ,80749      ,4,8,12,Sedgwick town,0,0,0,0,0,0,0,0,0,0,0,0,0,0,0,0,0,0,0,0,0,0,0,0
2017,08,583000,063,1190,69040 ,00000 ,181 ,999,99999, , ,80834      ,4,8,12,Seibert town,0,0,0,0,0,0,0,0,0,0,0,0,0,0,0,0,0,0,0,0,0,0,0,0
2017,08,585000,123,1195,69150 ,00000 ,3165 ,216,24540, , ,80546      ,4,8,12,Severance town,258,258,43439453,0,0,0,0,0,0,0,0,0,258,258,43439453,0,0,0,0,0,0,0,0,0
2017,08,587000,005,1200,69645 ,00000 ,5664 ,216,19740, , ,80110      ,4,8,12,Sheridan,20,20,2585168,0,0,0,6,18,2072072,0,0,0,20,20,2585168,0,0,0,6,18,2072072,0,0,0
2017,08,591000,045,1210,70195 ,00000 ,2930 ,999,99999, , ,81652      ,4,8,12,Silt town,10,10,1832631,1,2,322710,1,3,487458,0,0,0,10,10,1832631,1,2,322710,1,3,487458,0,0,0
2017,08,593000,027,1215,70250 ,00000 ,587 ,999,99999, , ,81249      ,4,8,12,Silver Cliff town,11,11,1035000,0,0,0,0,0,0,0,0,0,11,11,1035000,0,0,0,0,0,0,0,0,0
2017,08,595000,019,1220,70360 ,00000 ,170 ,216,19740, , ,80476      ,4,8,12,Silver Plume town,0,0,0,0,0,0,0,0,0,0,0,0,0,0,0,0,0,0,0,0,0,0,0,0
2017,08,597000,117,1222,70525 ,00000 ,3887 ,999,99999, , ,80498      ,4,8,12,Silverthorne town,77,77,32004069,0,0,0,0,0,0,1,10,2386275,77,77,32004069,0,0,0,0,0,0,1,10,2386275
2017,08,599000,111,1225,70580 ,00000 ,637 ,999,99999, , ,814330250  ,4,8,12,Silverton town,5,5,800000,0,0,0,0,0,0,0,0,0,5,5,800000,0,0,0,0,0,0,0,0,0
2017,08,601000,039,1230,70635 ,00000 ,618 ,216,19740, , ,80835      ,4,8,4,Simla town,0,0,0,0,0,0,0,0,0,0,0,0,0,0,0,0,0,0,0,0,0,0,0,0
2017,08,603000,097,1236,71755 ,00000 ,2826 ,999,99999, , ,81615      ,4,8,12,Snowmass Village town,5,5,11031075,0,0,0,0,0,0,0,0,0,5,5,11031075,0,0,0,0,0,0,0,0,0
2017,08,605000,009,1240,73330 ,00000 ,1451 ,999,99999, , ,81073      ,4,8,12,Springfield town,0,0,0,0,0,0,0,0,0,0,0,0,0,0,0,0,0,0,0,0,0,0,0,0
2017,08,611000,075,1255,73935 ,00000 ,14777 ,999,99999, , ,807510400  ,4,8,12,Sterling,2,2,391913,0,0,0,0,0,0,0,0,0,2,2,391913,0,0,0,0,0,0,0,0,0
2017,08,613000,063,1260,74485 ,00000 ,658 ,999,99999, , ,80836      ,4,8,12,Stratton town,0,0,0,0,0,0,0,0,0,0,0,0,0,0,0,0,0,0,0,0,0,0,0,0
2017,08,615000,025,1265,74815 ,00000 ,258 ,999,99999, , ,810760060  ,4,8,12,Sugar City town,0,0,0,0,0,0,0,0,0,0,0,0,0,0,0,0,0,0,0,0,0,0,0,0
2017,08,617000,117,    ,99990 ,00000 ,15066 ,999,99999,2, ,804435660  ,4,8,12,Summit County Unincorporated Area,123,123,54105866,0,0,0,0,0,0,2,24,3206174,123,123,54105866,0,0,0,0,0,0,2,24,3206174
2017,08,619000,013,1270,75640 ,00000 ,12483 ,216,14500,2, ,80027      ,4,8,12,Superior town,76,76,18814524,0,0,0,0,0,0,0,0,0,76,76,18814524,0,0,0,0,0,0,0,0,0
2017,08,623000,089,1275,75970 ,00000 ,617 ,999,99999, , ,81077      ,4,8,12,Swink town,0,0,0,0,0,0,0,0,0,0,0,0,0,0,0,0,0,0,0,0,0,0,0,0
2017,08,625000,119,    ,99990 ,00000 ,14536 ,999,17820,2, ,80866      ,4,8,12,Teller County Unincorporated Area,76,76,20475615,0,0,0,0,0,0,0,0,0,76,76,20475615,0,0,0,0,0,0,0,0,0
2017,08,627000,113,1280,76795 ,00000 ,2325 ,999,99999, , ,81435      ,4,8,12,Telluride town,4,4,5428220,3,6,6010960,0,0,0,3,15,15437500,4,4,5428220,3,6,6010960,0,0,0,3,15,15437500
2017,08,629000,001,1285,77290 ,00000 ,118772 ,216,19740,2, ,80229      ,4,8,12,Thornton,832,832,299020000,0,0,0,15,46,11072000,1,156,2020000,832,832,299020000,0,0,0,15,46,11072000,1,156,2020000
2017,08,631000,069,1290,77510 ,00000 ,625 ,999,22660, , ,80547      ,4,8,12,Timnath town,278,278,97769313,0,0,0,0,0,0,0,0,0,278,278,97769313,0,0,0,0,0,0,0,0,0
2017,08,633000,071,1295,78610 ,00000 ,9096 ,999,99999, , ,81082      ,4,8,0,Trinidad,0,0,0,0,0,0,0,0,0,0,0,0,0,0,0,0,0,0,0,0,0,0,0,0
2017,08,637000,037,1307,80040 ,00000 ,5305 ,999,99999, , ,81657      ,4,8,12,Vail town,48,48,37781994,0,0,0,0,0,0,0,0,0,48,48,37781994,0,0,0,0,0,0,0,0,0
2017,08,639000,119,1310,80865 ,00000 ,397 ,999,17820, , ,80860      ,4,8,12,Victor,0,0,0,0,0,0,0,0,0,0,0,0,0,0,0,0,0,0,0,0,0,0,0,0
2017,08,645000,057,1325,82130 ,00000 ,608 ,999,99999, , ,80480      ,4,8,12,Walden town,0,0,0,0,0,0,0,0,0,0,0,0,0,0,0,0,0,0,0,0,0,0,0,0
2017,08,647000,055,1330,82350 ,00000 ,3068 ,999,99999, , ,81089      ,4,8,0,Walsenburg,0,0,0,0,0,0,0,0,0,0,0,0,0,0,0,0,0,0,0,0,0,0,0,0
2017,08,649000,009,1335,82460 ,00000 ,546 ,999,99999, , ,810900280  ,4,8,12,Walsh town,0,0,0,0,0,0,0,0,0,0,0,0,0,0,0,0,0,0,0,0,0,0,0,0
2017,08,651000,013,1340,82735 ,00000 ,150 ,216,14500, , ,80481      ,4,8,12,Ward town,7,7,730000,0,0,0,0,0,0,0,0,0,7,7,730000,0,0,0,0,0,0,0,0,0
2017,08,653000,121,    ,99990 ,00000 ,2637 ,999,99999, , ,80720      ,4,8,0,Washington County Unincorporated Area,6,6,995520,0,0,0,0,0,0,0,0,0,0,0,0,0,0,0,0,0,0,0,0,0
2017,08,655000,123,    ,99990 ,00000 ,42473 ,216,24540, , ,80631      ,4,8,12,Weld County Unincorporated Area,143,143,42216524,0,0,0,0,0,0,0,0,0,143,143,42216524,0,0,0,0,0,0,0,0,0
2017,08,657000,069,1345,83230 ,00000 ,6289 ,999,22660, , ,80549      ,4,8,12,Wellington town,188,188,45961909,0,0,0,0,0,0,0,0,0,188,188,45961909,0,0,0,0,0,0,0,0,0
2017,08,659000,027,1350,83450 ,00000 ,568 ,999,99999, , ,81252      ,4,8,12,Westcliffe town,2,2,557000,0,0,0,0,0,0,0,0,0,2,2,557000,0,0,0,0,0,0,0,0,0
2017,08,661000,001,1355,83835 ,00000 ,63696 ,216,19740,2, ,80031      ,4,8,12,Westminster,124,124,33962193,0,0,0,0,0,0,0,0,0,124,124,33962193,0,0,0,0,0,0,0,0,0
2017,08,665000,059,1360,84440 ,00000 ,30166 ,216,19740, , ,800338001  ,4,8,12,Wheat Ridge,22,22,6955636,0,0,0,0,0,0,0,0,0,22,22,6955636,0,0,0,0,0,0,0,0,0
2017,08,667000,087,1363,84770 ,00000 ,893 ,999,99999, , ,806548933  ,4,8,12,Wiggins town,40,40,6144570,0,0,0,0,0,0,0,0,0,40,40,6144570,0,0,0,0,0,0,0,0,0
2017,08,671000,043,1370,85155 ,00000 ,662 ,999,99999, , ,81226      ,4,8,12,Williamsburg town,3,3,152000,0,0,0,0,0,0,0,0,0,3,3,152000,0,0,0,0,0,0,0,0,0
2017,08,673000,123,4560,85485 ,00000 ,14070 ,216,24540,2, ,80550      ,4,8,6,Windsor town,496,496,138970434,1,2,675000,5,17,4752032,13,75,9089700,331,331,87411576,1,2,675000,2,8,1603202,7,42,3498675
2017,08,675000,049,1377,85705 ,00000 ,999 ,999,99999,2, ,80482      ,4,8,0,Winter Park town,81,81,27433184,0,0,0,0,0,0,1,16,2379362,0,0,0,0,0,0,0,0,0,0,0,0
2017,08,677000,119,1380,86090 ,00000 ,7200 ,999,17820, , ,80866      ,4,8,12,Woodland Park,34,34,11022706,0,0,0,0,0,0,0,0,0,34,34,11022706,0,0,0,0,0,0,0,0,0
2017,08,679000,125,1385,86310 ,00000 ,2342 ,999,99999, , ,80758      ,4,8,12,Wray,0,0,0,0,0,0,0,0,0,0,0,0,0,0,0,0,0,0,0,0,0,0,0,0
2017,08,683000,125,1395,86750 ,00000 ,3524 ,999,99999, , ,80759      ,4,8,12,Yuma,0,0,0,0,0,0,0,0,0,0,0,0,0,0,0,0,0,0,0,0,0,0,0,0
