Survey,State,6-Digit,County,Census Place,FIPS Place,FIPS MCD,Pop,CSA,CBSA,Footnote,Central,Zip,Region,Division,Number of,Place,,1-unit,,,2-units,,,3-4 units,,,5+ units,,,1-unit rep,,,2-units rep,,,3-4 units rep,,,5+ units rep
Date,Code,ID,Code,Code,Code,Code,  ,Code,Code,Code,City,Code,Code,Code,Months Rep,Name,Bldgs,Units,Value,Bldgs,Units,Value,Bldgs,Units,Value,Bldgs,Units,Value,Bldgs,Units,Value,Bldgs,Units,Value,Bldgs,Units,Value,Bldgs,Units,Value
2022,08,001000,001,    ,99990 ,00000 ,97489 ,216,19740, , ,80601      ,4,8,12,Adams County Unincorporated Area,131,131,37684406,0,0,0,0,0,0,1,11,222760,131,131,37684406,0,0,0,0,0,0,1,11,222760
2022,08,003000,071,0005,00760 ,00000 ,479 ,999,99999, , ,81020      ,4,8,12,Aguilar town,0,0,0,0,0,0,0,0,0,0,0,0,0,0,0,0,0,0,0,0,0,0,0,0
2022,08,005000,121,0010,00925 ,00000 ,1682 ,999,99999, , ,80720      ,4,8,12,Akron town,0,0,0,0,0,0,0,0,0,0,0,0,0,0,0,0,0,0,0,0,0,0,0,0
2022,08,007000,003,0015,01090 ,00000 ,9367 ,999,99999, , ,81101      ,4,8,12,Alamosa,14,14,3375965,2,4,656276,0,0,0,4,45,2600000,14,14,3375965,2,4,656276,0,0,0,4,45,2600000
2022,08,009000,003,    ,99990 ,00000 ,6709 ,999,99999, , ,81101      ,4,8,12,Alamosa County Unincorporated Area,39,39,6942224,0,0,0,0,0,0,0,0,0,39,39,6942224,0,0,0,0,0,0,0,0,0
2022,08,011000,093,0020,01530 ,00000 ,329 ,216,19740, , ,80420      ,4,8,12,Alma town,3,3,1350000,0,0,0,0,0,0,0,0,0,3,3,1350000,0,0,0,0,0,0,0,0,0
2022,08,013000,021,0025,02355 ,00000 ,752 ,999,99999, , ,81120      ,4,8,0,Antonito town,0,0,0,0,0,0,0,0,0,0,0,0,0,0,0,0,0,0,0,0,0,0,0,0
2022,08,015000,005,    ,99990 ,00000 ,94719 ,216,19740, , ,80112      ,4,8,12,Arapahoe County Unincorporated Area,295,295,83562823,0,0,0,0,0,0,6,30,4278744,295,295,83562823,0,0,0,0,0,0,6,30,4278744
2022,08,017000,007,    ,99990 ,00000 ,12064 ,999,99999, , ,81147      ,4,8,12,Archuleta County Unincorporated Area,123,123,42733000,1,2,487000,0,0,0,0,0,0,123,123,42733000,1,2,487000,0,0,0,0,0,0
2022,08,023000,059,0040,03455 ,00000 ,118822 ,216,19740,2, ,80002      ,4,8,12,Arvada,357,357,100863296,2,4,456969,0,0,0,0,0,0,357,357,100863296,2,4,456969,0,0,0,0,0,0
2022,08,025000,097,0045,03620 ,00000 ,7657 ,999,99999, , ,81611      ,4,8,12,Aspen,10,10,61777277,1,2,7783020,0,0,0,0,0,0,10,10,61777277,1,2,7783020,0,0,0,0,0,0
2022,08,027000,123,0050,03950 ,00000 ,2126 ,216,24540, , ,80610      ,4,8,12,Ault town,59,59,15076698,0,0,0,0,0,0,0,0,0,59,59,15076698,0,0,0,0,0,0,0,0,0
2022,08,031000,005,0055,04000 ,00000 ,337361 ,216,19740,2,1,800121553  ,4,8,12,Aurora,1314,1314,308894060,0,0,0,0,0,0,25,1966,300894262,1314,1314,308894060,0,0,0,0,0,0,25,1966,300894262
2022,08,035000,037,0057,04110 ,00000 ,6952 ,999,99999, , ,816200975  ,4,8,12,Avon town,13,13,16434400,0,0,0,0,0,0,2,115,326250000,13,13,16434400,0,0,0,0,0,0,2,115,326250000
2022,08,039000,037,0060,04935 ,00000 ,3180 ,999,99999,2, ,81621      ,4,8,0,Basalt town,10,10,3596930,0,0,0,0,0,0,3,15,5571429,0,0,0,0,0,0,0,0,0,0,0,0
2022,08,043000,067,0065,05265 ,00000 ,2586 ,999,99999, , ,81122      ,4,8,12,Bayfield town,12,12,4141638,0,0,0,0,0,0,0,0,0,12,12,4141638,0,0,0,0,0,0,0,0,0
2022,08,045000,001,0075,06090 ,00000 ,2564 ,216,19740,2, ,801027806  ,4,8,12,Bennett town,40,40,10924202,0,0,0,0,0,0,0,0,0,40,40,10924202,0,0,0,0,0,0,0,0,0
2022,08,047000,011,    ,99990 ,00000 ,3228 ,999,99999, , ,81054      ,4,8,12,Bent County Unincorporated Area,2,2,400000,4,8,800000,0,0,0,0,0,0,2,2,400000,4,8,800000,0,0,0,0,0,0
2022,08,049000,069,0080,06255 ,00000 ,10668 ,999,22660,2, ,80513      ,4,8,12,Berthoud town,223,223,103934268,0,0,0,0,0,0,0,0,0,223,223,103934268,0,0,0,0,0,0,0,0,0
2022,08,051000,063,0085,06530 ,00000 ,235 ,999,99999, , ,80805      ,4,8,12,Bethune town,1,1,337086,0,0,0,0,0,0,0,0,0,1,1,337086,0,0,0,0,0,0,0,0,0
2022,08,053000,047,0090,07025 ,00000 ,131 ,216,19740, , ,80422      ,4,8,12,Black Hawk,0,0,0,0,0,0,0,0,0,0,0,0,0,0,0,0,0,0,0,0,0,0,0,0
2022,08,055000,023,0095,07190 ,00000 ,407 ,999,99999, , ,81123      ,4,8,0,Blanca town,0,0,0,0,0,0,0,0,0,0,0,0,0,0,0,0,0,0,0,0,0,0,0,0
2022,08,057000,117,0097,07410 ,00000 ,928 ,999,99999, , ,80424      ,4,8,12,Blue River town,14,14,9809850,0,0,0,0,0,0,0,0,0,14,14,9809850,0,0,0,0,0,0,0,0,0
2022,08,063000,013,0110,07850 ,00000 ,107645 ,216,14500, ,1,803060791  ,4,8,0,Boulder,35,35,38682821,1,2,1122396,2,6,1555553,15,261,68066446,0,0,0,0,0,0,0,0,0,0,0,0
2022,08,065000,013,    ,99990 ,00000 ,43885 ,216,14500,2, ,80306      ,4,8,12,Boulder County Unincorporated Area,66,66,69919001,0,0,0,0,0,0,0,0,0,66,66,69919001,0,0,0,0,0,0,0,0,0
2022,08,067000,005,0115,08070 ,00000 ,667 ,216,19740,2, ,801231586  ,4,8,0,Bow Mar town,0,0,0,0,0,0,0,0,0,0,0,0,0,0,0,0,0,0,0,0,0,0,0,0
2022,08,073000,117,0125,08400 ,00000 ,4954 ,999,99999, , ,80424      ,4,8,0,Breckenridge town,26,26,45883947,0,0,0,2,6,5520000,9,60,14049442,0,0,0,0,0,0,0,0,0,0,0,0
2022,08,075000,001,0130,08675 ,00000 ,39123 ,216,19740,2, ,80601      ,4,8,12,Brighton,375,375,134180961,0,0,0,0,0,0,12,288,44791763,375,375,134180961,0,0,0,0,0,0,12,288,44791763
2022,08,079000,043,0140,09115 ,00000 ,261 ,999,99999, , ,81212      ,4,8,12,Brookside town,1,1,337086,0,0,0,0,0,0,0,0,0,1,1,337086,0,0,0,0,0,0,0,0,0
2022,08,083000,014,0143,09280 ,00000 ,72236 ,216,19740,2,1,80020      ,4,8,12,Broomfield,179,179,79038769,23,46,14817687,28,103,26337701,19,210,48833207,179,179,79038769,23,46,14817687,28,103,26337701,19,210,48833207
2022,08,089000,087,0150,09555 ,00000 ,5438 ,999,99999, , ,80723      ,4,8,0,Brush,3,3,395706,0,0,0,2,6,1102500,0,0,0,0,0,0,0,0,0,0,0,0,0,0,0
2022,08,093000,063,0160,10600 ,00000 ,3126 ,999,99999, , ,80807      ,4,8,12,Burlington,0,0,0,0,0,0,0,0,0,0,0,0,0,0,0,0,0,0,0,0,0,0,0,0
2022,08,095000,041,0165,11260 ,00000 ,827 ,999,17820, , ,808088203  ,4,8,12,Calhan town,2,2,237000,0,0,0,0,0,0,0,0,0,2,2,237000,0,0,0,0,0,0,0,0,0
2022,08,099000,043,0610,11810 ,00000 ,16536 ,999,99999, , ,812151460  ,4,8,12,Canon City,35,35,10539396,0,0,0,1,4,862308,0,0,0,35,35,10539396,0,0,0,1,4,862308,0,0,0
2022,08,101000,045,0180,12045 ,00000 ,6729 ,999,99999, , ,81623      ,4,8,12,Carbondale town,17,17,12436256,3,6,2233687,5,18,3924864,0,0,0,17,17,12436256,3,6,2233687,5,18,3924864,0,0,0
2022,08,102900,035,0186,12387 ,00000 ,11664 ,216,19740, , ,80108      ,4,8,12,Castle Pines,309,309,86883100,55,110,19024555,0,0,0,9,104,22268262,309,309,86883100,55,110,19024555,0,0,0,9,104,22268262
2022,08,103000,035,0188,12415 ,00000 ,70567 ,216,19740, , ,80104      ,4,8,12,Castle Rock town,742,742,208539239,0,0,0,2,8,307178,0,0,0,742,742,208539239,0,0,0,2,8,307178,0,0,0
2022,08,105000,029,0190,12635 ,00000 ,2313 ,999,99999, , ,81413      ,4,8,12,Cedaredge town,11,11,2433000,0,0,0,0,0,0,0,0,0,11,11,2433000,0,0,0,0,0,0,0,0,0
2022,08,106000,005,0193,12815 ,00000 ,110156 ,216,19740, ,1,80112      ,4,8,12,Centennial,3,3,4360952,0,0,0,0,0,0,0,0,0,3,3,4360952,0,0,0,0,0,0,0,0,0
2022,08,109000,109,0195,12855 ,00000 ,2188 ,999,99999,2, ,81125      ,4,8,0,Center town,0,0,0,0,0,0,0,0,0,0,0,0,0,0,0,0,0,0,0,0,0,0,0,0
2022,08,111000,047,0200,12900 ,00000 ,730 ,216,19740,2, ,80427      ,4,8,12,Central,5,5,2500000,0,0,0,0,0,0,0,0,0,5,5,2500000,0,0,0,0,0,0,0,0,0
2022,08,113000,015,    ,00000 ,00000 ,10721 ,999,99999, , ,81201      ,4,8,12,Chaffee County,273,273,81423695,0,0,0,1,4,642268,0,0,0,273,273,81423695,0,0,0,1,4,642268,0,0,0
2022,08,117000,005,0210,13845 ,00000 ,6620 ,216,19740, , ,80113      ,4,8,12,Cherry Hills Village,12,12,27939517,0,0,0,0,0,0,0,0,0,12,12,27939517,0,0,0,0,0,0,0,0,0
2022,08,119000,017,    ,99990 ,00000 ,751 ,999,99999, , ,808100567  ,4,8,0,Cheyenne County Unincorporated Area,11,11,1304511,0,0,0,0,0,0,0,0,0,0,0,0,0,0,0,0,0,0,0,0,0
2022,08,121000,017,0215,14175 ,00000 ,815 ,999,99999, , ,80810      ,4,8,12,Cheyenne Wells town,0,0,0,0,0,0,0,0,0,0,0,0,0,0,0,0,0,0,0,0,0,0,0,0
2022,08,123000,019,    ,99990 ,00000 ,6150 ,216,19740,2, ,80444      ,4,8,12,Clear Creek County Unincorporated Area,11,11,5578246,0,0,0,0,0,0,0,0,0,11,11,5578246,0,0,0,0,0,0,0,0,0
2022,08,125000,043,0225,15330 ,00000 ,350 ,999,99999, , ,81221      ,4,8,12,Coal Creek town,2,2,100000,0,0,0,0,0,0,0,0,0,2,2,100000,0,0,0,0,0,0,0,0,0
2022,08,133000,005,0244,16385 ,00000 ,1508 ,216,19740, , ,80123      ,4,8,12,Columbine Valley town,25,25,30949816,0,0,0,0,0,0,0,0,0,25,25,30949816,0,0,0,0,0,0,0,0,0
2022,08,135000,001,0245,16495 ,00000 ,59317 ,216,19740, ,1,80022      ,4,8,12,Commerce City,706,706,259961216,66,132,23324581,0,0,0,1,50,5784192,706,706,259961216,66,132,23324581,0,0,0,1,50,5784192
2022,08,137000,021,    ,99990 ,00000 ,4250 ,999,99999, , ,81129      ,4,8,12,Conejos County Unincorporated Area,40,40,13335613,0,0,0,0,0,0,0,0,0,40,40,13335613,0,0,0,0,0,0,0,0,0
2022,08,139000,083,0250,17375 ,00000 ,8734 ,999,99999, , ,81321      ,4,8,0,Cortez,19,19,4765883,0,0,0,0,0,0,0,0,0,0,0,0,0,0,0,0,0,0,0,0,0
2022,08,141000,023,    ,99990 ,00000 ,2822 ,999,99999, , ,81152      ,4,8,0,Costilla County Unincorporated Area,0,0,0,0,0,0,0,0,0,0,0,0,0,0,0,0,0,0,0,0,0,0,0,0
2022,08,143000,081,0255,17760 ,00000 ,8953 ,999,99999, , ,81625      ,4,8,12,Craig,3,3,905000,0,0,0,0,0,0,0,0,0,3,3,905000,0,0,0,0,0,0,0,0,0
2022,08,145000,029,0260,17925 ,00000 ,429 ,999,99999, , ,81415      ,4,8,12,Crawford town,0,0,0,0,0,0,0,0,0,0,0,0,0,0,0,0,0,0,0,0,0,0,0,0
2022,08,147000,079,0796,14765 ,00000 ,315 ,999,99999, , ,81130      ,4,8,0,City of Creede town,0,0,0,0,0,0,0,0,0,0,0,0,0,0,0,0,0,0,0,0,0,0,0,0
2022,08,149000,051,0270,18310 ,00000 ,1682 ,999,99999, , ,81224      ,4,8,12,Crested Butte town,10,10,14534929,1,2,745452,0,0,0,0,0,0,10,10,14534929,1,2,745452,0,0,0,0,0,0
2022,08,150000,109,0275,18420 ,00000 ,138 ,999,99999, , ,81131      ,4,8,12,Crestone town,0,0,0,0,0,0,0,0,0,0,0,0,0,0,0,0,0,0,0,0,0,0,0,0
2022,08,151000,119,0280,18530 ,00000 ,1266 ,999,17820, , ,80813      ,4,8,12,Cripple Creek,14,14,2988600,1,2,250000,3,12,1654902,0,0,0,14,14,2988600,1,2,250000,3,12,1654902,0,0,0
2022,08,153000,075,0285,18640 ,00000 ,110 ,999,99999, , ,80726      ,4,8,12,Crook town,0,0,0,0,0,0,0,0,0,0,0,0,0,0,0,0,0,0,0,0,0,0,0,0
2022,08,155000,025,    ,99990 ,00000 ,3948 ,999,99999, , ,81063      ,4,8,12,Crowley County Unincorporated Area,17,17,5730462,6,12,2221788,0,0,0,0,0,0,17,17,5730462,6,12,2221788,0,0,0,0,0,0
2022,08,157000,025,0290,18750 ,00000 ,166 ,999,99999, , ,810330036  ,4,8,0,Crowley town,0,0,0,0,0,0,0,0,0,0,0,0,0,0,0,0,0,0,0,0,0,0,0,0
2022,08,159000,027,    ,99990 ,00000 ,3750 ,999,99999, , ,81252      ,4,8,12,Custer County Unincorporated Area,114,114,36369284,0,0,0,0,0,0,0,0,0,114,114,36369284,0,0,0,0,0,0,0,0,0
2022,08,161000,123,0295,19080 ,00000 ,6572 ,216,24540, , ,805140186  ,4,8,12,Dacono,71,71,24075068,0,0,0,0,0,0,0,0,0,71,71,24075068,0,0,0,0,0,0,0,0,0
2022,08,165000,005,0305,19630 ,00000 ,856 ,216,19740, , ,80105      ,4,8,0,Deer Trail town,61,61,10911012,0,0,0,0,0,0,0,0,0,0,0,0,0,0,0,0,0,0,0,0,0
2022,08,169000,029,0315,19850 ,00000 ,9030 ,999,99999, , ,81416      ,4,8,12,Delta,23,23,4368250,0,0,0,0,0,0,0,0,0,23,23,4368250,0,0,0,0,0,0,0,0,0
2022,08,173000,031,0320,20000 ,00000 ,735538 ,216,19740,2,1,80202      ,4,8,12,Denver,1323,1323,373243160,0,0,0,5,15,2071625,84,6958,997343550,1323,1323,373243160,0,0,0,5,15,2071625,84,6958,997343550
2022,08,177000,081,0332,20495 ,00000 ,334 ,999,99999, , ,816100238  ,4,8,12,Dinosaur town,1,1,150000,0,0,0,0,0,0,0,0,0,1,1,150000,0,0,0,0,0,0,0,0,0
2022,08,181000,083,0335,20770 ,00000 ,964 ,999,99999, , ,81323      ,4,8,12,Dolores town,1,1,181000,0,0,0,0,0,0,0,0,0,1,1,181000,0,0,0,0,0,0,0,0,0
2022,08,183000,035,    ,99990 ,00000 ,203901 ,216,19740,2, ,80104      ,4,8,12,Douglas County Unincorporated Area,1413,1413,367120089,31,62,12590265,0,0,0,36,746,71416607,1413,1413,367120089,31,62,12590265,0,0,0,36,746,71416607
2022,08,187000,067,0350,22035 ,00000 ,19690 ,999,99999, , ,81301      ,4,8,0,Durango,99,99,14846817,4,8,1554732,0,0,0,12,61,2108147,0,0,0,0,0,0,0,0,0,0,0,0
2022,08,189000,061,0355,22145 ,00000 ,632 ,999,99999, , ,81036      ,4,8,12,Eads town,0,0,0,0,0,0,0,0,0,0,0,0,0,0,0,0,0,0,0,0,0,0,0,0
2022,08,191000,037,    ,99990 ,00000 ,23646 ,999,99999, , ,81631      ,4,8,12,Eagle County Unincorporated Area,15,15,16954515,0,0,0,0,0,0,0,0,0,15,15,16954515,0,0,0,0,0,0,0,0,0
2022,08,193000,037,0360,22200 ,00000 ,6911 ,999,99999, , ,81631      ,4,8,12,Eagle town,18,18,20059807,0,0,0,0,0,0,2,38,7477240,18,18,20059807,0,0,0,0,0,0,2,38,7477240
2022,08,195000,123,0370,22860 ,00000 ,6000 ,216,24540, , ,80615      ,4,8,12,Eaton town,3,3,1049210,0,0,0,0,0,0,0,0,0,3,3,1049210,0,0,0,0,0,0,0,0,0
2022,08,197000,125,0375,23025 ,00000 ,260 ,999,99999, , ,807270217  ,4,8,12,Eckley town,0,0,0,0,0,0,0,0,0,0,0,0,0,0,0,0,0,0,0,0,0,0,0,0
2022,08,199000,059,0380,23135 ,00000 ,5393 ,216,19740, , ,80214      ,4,8,12,Edgewater,3,3,1140154,1,2,767000,1,3,817833,1,5,1850000,3,3,1140154,1,2,767000,1,3,817833,1,5,1850000
2022,08,201000,041,    ,99990 ,00000 ,196856 ,999,17820,2, ,80910      ,4,8,12,El Paso County Unincorporated Area,3499,3499,1359360888,117,234,24209594,2,8,871718,128,4942,762756016,3499,3499,1359360888,117,234,24209594,2,8,871718,128,4942,762756016
2022,08,203000,039,    ,99990 ,00000 ,23930 ,216,19740, , ,80117      ,4,8,12,Elbert County Unincorporated Area,220,220,78552508,0,0,0,0,0,0,0,0,0,220,220,78552508,0,0,0,0,0,0,0,0,0
2022,08,205000,039,0385,23740 ,00000 ,1867 ,216,19740, , ,80107      ,4,8,12,Elizabeth town,31,31,7317051,0,0,0,0,0,0,2,32,3243800,31,31,7317051,0,0,0,0,0,0,2,32,3243800
2022,08,209000,005,0395,24785 ,00000 ,35099 ,216,19740, , ,80110      ,4,8,12,Englewood,41,41,13158315,0,0,0,0,0,0,3,504,122860599,41,41,13158315,0,0,0,0,0,0,3,504,122860599
2022,08,213000,123,0400,24950 ,00000 ,17559 ,216,24540,2, ,805160750  ,4,8,12,Erie town,619,619,167400143,22,44,7684942,6,19,2894916,9,225,33018609,619,619,167400143,22,44,7684942,6,19,2894916,9,225,33018609
2022,08,215000,069,0405,25115 ,00000 ,6553 ,999,22660, , ,80517      ,4,8,12,Estes Park town,12,12,9885350,0,0,0,0,0,0,1,8,1500000,12,12,9885350,0,0,0,0,0,0,1,8,1500000
2022,08,217000,123,0415,25280 ,00000 ,23183 ,216,24540, , ,80620      ,4,8,12,Evans,15,15,3969946,0,0,0,0,0,0,0,0,0,15,15,3969946,0,0,0,0,0,0,0,0,0
2022,08,219000,093,0425,25610 ,00000 ,803 ,216,19740, , ,804400267  ,4,8,12,Fairplay town,3,3,900000,0,0,0,0,0,0,0,0,0,3,3,900000,0,0,0,0,0,0,0,0,0
2022,08,221000,001,0430,26270 ,00000 ,13598 ,216,19740, , ,80221      ,4,8,12,Federal Heights,0,0,0,0,0,0,0,0,0,0,0,0,0,0,0,0,0,0,0,0,0,0,0,0
2022,08,223000,123,0435,26600 ,00000 ,15298 ,216,24540, , ,80504      ,4,8,12,Firestone town,198,198,85909832,0,0,0,0,0,0,0,0,0,198,198,85909832,0,0,0,0,0,0,0,0,0
2022,08,225000,063,0440,26765 ,00000 ,567 ,999,99999, , ,80815      ,4,8,12,Flagler town,0,0,0,0,0,0,0,0,0,0,0,0,0,0,0,0,0,0,0,0,0,0,0,0
2022,08,227000,075,0445,26875 ,00000 ,405 ,999,99999, , ,80728      ,4,8,12,Fleming town,2,2,292000,0,0,0,0,0,0,0,0,0,2,2,292000,0,0,0,0,0,0,0,0,0
2022,08,229000,043,0450,27040 ,00000 ,3982 ,999,99999, , ,81226      ,4,8,12,Florence,14,14,2971276,0,0,0,0,0,0,1,6,297500,14,14,2971276,0,0,0,0,0,0,1,6,297500
2022,08,231000,069,0455,27425 ,00000 ,168234 ,999,22660, ,1,80524      ,4,8,12,Fort Collins,287,287,95028889,3,6,1240298,3,12,2762384,23,497,99358033,287,287,95028889,3,6,1240298,3,12,2762384,23,497,99358033
2022,08,233000,123,0465,27700 ,00000 ,8666 ,216,24540, , ,806211343  ,4,8,12,Fort Lupton,227,227,54469406,0,0,0,2,8,1381184,7,36,4034280,227,227,54469406,0,0,0,2,8,1381184,7,36,4034280
2022,08,235000,087,0470,27810 ,00000 ,11249 ,999,99999, , ,80701      ,4,8,12,Fort Morgan,5,5,690130,1,2,224341,11,43,4133250,0,0,0,5,5,690130,1,2,224341,11,43,4133250,0,0,0
2022,08,239000,089,0480,27975 ,00000 ,1149 ,999,99999, , ,810391134  ,4,8,12,Fowler town,0,0,0,0,0,0,0,0,0,0,0,0,0,0,0,0,0,0,0,0,0,0,0,0
2022,08,240000,005,0483,28105 ,00000 ,771 ,216,19740, , ,80108      ,4,8,12,Foxfield town,0,0,0,0,0,0,0,0,0,0,0,0,0,0,0,0,0,0,0,0,0,0,0,0
2022,08,243000,123,0490,28360 ,00000 ,11515 ,216,24540, , ,805300435  ,4,8,12,Frederick town,150,150,47098260,62,124,25789075,0,0,0,0,0,0,150,150,47098260,62,124,25789075,0,0,0,0,0,0
2022,08,245000,043,    ,99990 ,00000 ,25552 ,999,99999, , ,81212      ,4,8,12,Fremont County Unincorporated Area,114,114,26662557,0,0,0,0,0,0,0,0,0,114,114,26662557,0,0,0,0,0,0,0,0,0
2022,08,247000,117,0500,28690 ,00000 ,2874 ,999,99999, , ,80443      ,4,8,0,Frisco town,17,17,12193618,0,0,0,0,0,0,0,0,0,0,0,0,0,0,0,0,0,0,0,0,0
2022,08,251000,123,0510,29185 ,00000 ,279 ,216,24540, , ,806318466  ,4,8,12,Garden City town,0,0,0,0,0,0,0,0,0,0,0,0,0,0,0,0,0,0,0,0,0,0,0,0
2022,08,253000,045,    ,99990 ,00000 ,24455 ,999,99999, , ,81601      ,4,8,12,Garfield County Unincorporated Area,127,127,32914810,0,0,0,0,0,0,0,0,0,127,127,32914810,0,0,0,0,0,0,0,0,0
2022,08,257000,019,0520,29735 ,00000 ,1102 ,216,19740, , ,804440426  ,4,8,12,Georgetown town,5,5,2385000,0,0,0,0,0,0,0,0,0,5,5,2385000,0,0,0,0,0,0,0,0,0
2022,08,259000,123,0525,29955 ,00000 ,1169 ,216,24540, , ,806230128  ,4,8,12,Gilcrest town,0,0,0,0,0,0,0,0,0,0,0,0,0,0,0,0,0,0,0,0,0,0,0,0
2022,08,261000,047,    ,99990 ,00000 ,5374 ,216,19740, , ,80427      ,4,8,12,Gilpin County Unincorporated Area,31,31,23591760,0,0,0,0,0,0,0,0,0,31,31,23591760,0,0,0,0,0,0,0,0,0
2022,08,263000,005,0530,30340 ,00000 ,5102 ,216,19740, , ,80246      ,4,8,12,Glendale,0,0,0,0,0,0,0,0,0,0,0,0,0,0,0,0,0,0,0,0,0,0,0,0
2022,08,265000,045,0535,30780 ,00000 ,10222 ,999,99999, , ,81601      ,4,8,12,Glenwood Springs,2,2,285817,1,2,780000,0,0,0,1,5,955000,2,2,285817,1,2,780000,0,0,0,1,5,955000
2022,08,267000,059,0540,30835 ,00000 ,20347 ,216,19740, , ,80401      ,4,8,12,Golden,3,3,1800000,0,0,0,0,0,0,0,0,0,3,3,1800000,0,0,0,0,0,0,0,0,0
2022,08,269000,099,0545,31550 ,00000 ,509 ,999,99999, , ,81041      ,4,8,0,Granada town,0,0,0,0,0,0,0,0,0,0,0,0,0,0,0,0,0,0,0,0,0,0,0,0
2022,08,273000,049,    ,99990 ,00000 ,8489 ,999,99999,2, ,80451      ,4,8,12,Grand County Unincorporated Area,167,167,71559262,0,0,0,2,6,1068530,11,67,9747625,167,167,71559262,0,0,0,2,6,1068530,11,67,9747625
2022,08,279000,123,0570,32155 ,00000 ,108958 ,216,24540, ,1,80631      ,4,8,12,Greeley,345,345,106018005,0,0,0,4,14,3979332,76,1711,248364754,345,345,106018005,0,0,0,4,14,3979332,76,1711,248364754
2022,08,285000,005,0580,33035 ,00000 ,14907 ,216,19740, , ,80111      ,4,8,12,Greenwood Village,11,11,19047093,0,0,0,0,0,0,0,0,0,11,11,19047093,0,0,0,0,0,0,0,0,0
2022,08,287000,123,0585,33310 ,00000 ,161 ,216,24540, , ,80729      ,4,8,12,Grover town,0,0,0,0,0,0,0,0,0,0,0,0,0,0,0,0,0,0,0,0,0,0,0,0
2022,08,289000,051,0590,33640 ,00000 ,6840 ,999,99999, , ,81230      ,4,8,12,Gunnison,15,15,3253212,1,2,396491,1,4,1170928,2,10,2179084,15,15,3253212,1,2,396491,1,4,1170928,2,10,2179084
2022,08,291000,051,    ,99990 ,00000 ,7968 ,999,99999, , ,81230      ,4,8,12,Gunnison County Unincorporated Area,80,80,69486435,0,0,0,0,0,0,0,0,0,80,80,69486435,0,0,0,0,0,0,0,0,0
2022,08,293000,037,0595,33695 ,00000 ,7304 ,999,99999, , ,81637      ,4,8,12,Gypsum town,35,35,17235286,0,0,0,0,0,0,0,0,0,35,35,17235286,0,0,0,0,0,0,0,0,0
2022,08,299000,095,0610,34960 ,00000 ,937 ,999,99999, , ,80731      ,4,8,12,Haxtun town,2,2,411000,0,0,0,0,0,0,0,0,0,2,2,411000,0,0,0,0,0,0,0,0,0
2022,08,303000,087,0620,36610 ,00000 ,258 ,999,99999, , ,80733      ,4,8,12,Hillrose town,0,0,0,0,0,0,0,0,0,0,0,0,0,0,0,0,0,0,0,0,0,0,0,0
2022,08,305000,053,    ,00000 ,00000 ,420 ,999,99999, , ,81235      ,4,8,0,Hinsdale County,15,15,6321375,0,0,0,0,0,0,0,0,0,0,0,0,0,0,0,0,0,0,0,0,0
2022,08,307000,099,0625,37215 ,00000 ,775 ,999,99999, , ,810470458  ,4,8,12,Holly town,0,0,0,0,0,0,0,0,0,0,0,0,0,0,0,0,0,0,0,0,0,0,0,0
2022,08,309000,095,0630,37270 ,00000 ,2239 ,999,99999, , ,80734      ,4,8,12,Holyoke,0,0,0,0,0,0,0,0,0,0,0,0,0,0,0,0,0,0,0,0,0,0,0,0
2022,08,311000,003,0635,37380 ,00000 ,104 ,999,99999, , ,811360001  ,4,8,0,Hooper town,0,0,0,0,0,0,0,0,0,0,0,0,0,0,0,0,0,0,0,0,0,0,0,0
2022,08,315000,029,0640,37545 ,00000 ,928 ,999,99999, , ,81419      ,4,8,0,Hotchkiss town,7,7,1235908,0,0,0,0,0,0,0,0,0,0,0,0,0,0,0,0,0,0,0,0,0
2022,08,317000,123,0650,37820 ,00000 ,2768 ,216,24540, , ,80642      ,4,8,0,Hudson town,0,0,0,0,0,0,0,0,0,0,0,0,0,0,0,0,0,0,0,0,0,0,0,0
2022,08,319000,055,    ,99990 ,00000 ,3071 ,999,99999, , ,81089      ,4,8,0,Huerfano County Unincorporated Area,56,56,10228120,0,0,0,0,0,0,0,0,0,0,0,0,0,0,0,0,0,0,0,0,0
2022,08,321000,073,0655,37875 ,00000 ,782 ,999,99999, , ,80821      ,4,8,12,Hugo town,0,0,0,0,0,0,0,0,0,0,0,0,0,0,0,0,0,0,0,0,0,0,0,0
2022,08,323000,019,0660,38370 ,00000 ,1857 ,216,19740, , ,80452      ,4,8,12,Idaho Springs,0,0,0,2,4,924000,0,0,0,0,0,0,0,0,0,2,4,924000,0,0,0,0,0,0
2022,08,325000,067,0665,38535 ,00000 ,963 ,999,99999, , ,81137      ,4,8,12,Ignacio town,1,1,120000,0,0,0,0,0,0,0,0,0,1,1,120000,0,0,0,0,0,0,0,0,0
2022,08,327000,075,0670,38590 ,00000 ,272 ,999,99999, , ,807360194  ,4,8,12,Iliff town,0,0,0,0,0,0,0,0,0,0,0,0,0,0,0,0,0,0,0,0,0,0,0,0
2022,08,329000,057,    ,99990 ,00000 ,780 ,999,99999, , ,804801019  ,4,8,12,Jackson County Unincorporated Area,4,4,1348344,0,0,0,0,0,0,0,0,0,4,4,1348344,0,0,0,0,0,0,0,0,0
2022,08,333000,059,    ,99990 ,00000 ,200180 ,216,19740, , ,804193540  ,4,8,12,Jefferson County Unincorporated Area,511,511,202421339,0,0,0,16,59,11151265,9,286,52105484,511,511,202421339,0,0,0,16,59,11151265,9,286,52105484
2022,08,335000,123,0690,39855 ,00000 ,11982 ,216,24540,2, ,805340609  ,4,8,12,Johnstown town,366,366,117490227,0,0,0,13,44,7388730,6,30,4576087,366,366,117490227,0,0,0,13,44,7388730,6,30,4576087
2022,08,337000,115,0695,39965 ,00000 ,1161 ,999,99999, , ,80737      ,4,8,12,Julesburg town,0,0,0,0,0,0,0,0,0,0,0,0,0,0,0,0,0,0,0,0,0,0,0,0
2022,08,339000,123,0700,40185 ,00000 ,1302 ,216,24540, , ,80643      ,4,8,12,Keenesburg town,3,3,909704,0,0,0,0,0,0,0,0,0,3,3,909704,0,0,0,0,0,0,0,0,0
2022,08,341000,123,0710,40515 ,00000 ,1798 ,216,24540, , ,80644      ,4,8,12,Kersey town,2,2,463049,0,0,0,0,0,0,0,0,0,2,2,463049,0,0,0,0,0,0,0,0,0
2022,08,345000,061,    ,99990 ,00000 ,664 ,999,99999, , ,81036      ,4,8,0,Kiowa County Unincorporated Area,6,6,1023600,0,0,0,0,0,0,0,0,0,0,0,0,0,0,0,0,0,0,0,0,0
2022,08,347000,039,0715,40790 ,00000 ,826 ,216,19740, , ,80117      ,4,8,12,Kiowa town,0,0,0,0,0,0,0,0,0,0,0,0,0,0,0,0,0,0,0,0,0,0,0,0
2022,08,349000,063,    ,99990 ,00000 ,2233 ,999,99999, , ,808070249  ,4,8,0,Kit Carson County Unincorporated Area,0,0,0,0,0,0,0,0,0,0,0,0,0,0,0,0,0,0,0,0,0,0,0,0
2022,08,351000,017,0720,41010 ,00000 ,229 ,999,99999, , ,80825      ,4,8,0,Kit Carson town,0,0,0,0,0,0,0,0,0,0,0,0,0,0,0,0,0,0,0,0,0,0,0,0
2022,08,355000,021,0740,42055 ,00000 ,805 ,999,99999, , ,81140      ,4,8,12,La Jara town,0,0,0,0,0,0,0,0,0,0,0,0,0,0,0,0,0,0,0,0,0,0,0,0
2022,08,357000,089,0745,42110 ,00000 ,6854 ,999,99999, , ,81050      ,4,8,12,La Junta,0,0,0,0,0,0,0,0,0,0,0,0,0,0,0,0,0,0,0,0,0,0,0,0
2022,08,359000,067,    ,99990 ,00000 ,33325 ,999,99999, , ,81301      ,4,8,12,La Plata County Unincorporated Area,208,208,144361180,0,0,0,0,0,0,0,0,0,208,208,144361180,0,0,0,0,0,0,0,0,0
2022,08,361000,123,0775,43605 ,00000 ,2466 ,216,24540, , ,80645      ,4,8,12,La Salle town,0,0,0,0,0,0,0,0,0,0,0,0,0,0,0,0,0,0,0,0,0,0,0,0
2022,08,363000,055,0785,44100 ,00000 ,809 ,999,99999, , ,81055      ,4,8,12,La Veta town,1,1,400000,0,0,0,0,0,0,0,0,0,1,1,400000,0,0,0,0,0,0,0,0,0
2022,08,365000,013,0735,41835 ,00000 ,28579 ,216,14500, , ,80026      ,4,8,12,Lafayette,53,53,19375204,4,8,2666160,12,38,7469141,3,27,7137825,53,53,19375204,4,8,2666160,12,38,7469141,3,27,7137825
2022,08,369000,065,    ,99990 ,00000 ,5214 ,999,99999, , ,80461      ,4,8,0,Lake County,61,61,13031492,0,0,0,1,3,170000,0,0,0,0,0,0,0,0,0,0,0,0,0,0,0
2022,08,371000,059,0755,42495 ,00000 ,8 ,216,19740,2, ,80237      ,4,8,0,Lakeside town,0,0,0,0,0,0,0,0,0,0,0,0,0,0,0,0,0,0,0,0,0,0,0,0
2022,08,373000,059,0760,43000 ,00000 ,157429 ,216,19740, ,1,80226      ,4,8,12,Lakewood,72,72,28477786,1,2,817716,2,8,1966353,8,461,86268495,72,72,28477786,1,2,817716,2,8,1966353,8,461,86268495
2022,08,375000,099,0765,43110 ,00000 ,7641 ,999,99999, , ,81052      ,4,8,12,Lamar,6,6,906500,3,6,2000000,0,0,0,0,0,0,6,6,906500,3,6,2000000,0,0,0,0,0,0
2022,08,377000,069,    ,99990 ,00000 ,70438 ,999,22660, , ,805221190  ,4,8,12,Larimer County Unincorporated Area,115,115,43661298,2,4,675105,0,0,0,0,0,0,115,115,43661298,2,4,675105,0,0,0,0,0,0
2022,08,381000,011,0780,43660 ,00000 ,2128 ,999,99999, , ,81054      ,4,8,12,Las Animas,19,19,3456665,0,0,0,0,0,0,0,0,0,19,19,3456665,0,0,0,0,0,0,0,0,0
2022,08,383000,071,    ,99990 ,00000 ,5496 ,999,99999,2, ,81082      ,4,8,0,Las Animas County Unincorporated Area,38,38,5469134,0,0,0,0,0,0,0,0,0,0,0,0,0,0,0,0,0,0,0,0,0
2022,08,387000,073,0800,44980 ,00000 ,1945 ,999,99999, , ,80828      ,4,8,12,Limon town,4,4,972612,0,0,0,0,0,0,0,0,0,4,4,972612,0,0,0,0,0,0,0,0,0
2022,08,389000,073,    ,99990 ,00000 ,2600 ,999,99999, , ,80821      ,4,8,0,Lincoln County Unincorporated Area,6,6,487500,0,0,0,0,0,0,0,0,0,0,0,0,0,0,0,0,0,0,0,0,0
2022,08,391000,005,0810,45255 ,00000 ,43206 ,216,19740,2, ,80120      ,4,8,12,Littleton,8,8,6223958,2,4,1468517,0,0,0,1,51,6332126,8,8,6223958,2,4,1468517,0,0,0,1,51,6332126
2022,08,395000,123,0813,45530 ,00000 ,7883 ,216,24540,2, ,80603      ,4,8,12,Lochbuie town,125,125,36418697,0,0,0,0,0,0,0,0,0,125,125,36418697,0,0,0,0,0,0,0,0,0
2022,08,397000,087,0815,45695 ,00000 ,848 ,999,99999, , ,807054858  ,4,8,0,Log Lane Village town,0,0,0,0,0,0,0,0,0,0,0,0,0,0,0,0,0,0,0,0,0,0,0,0
2022,08,399000,075,    ,99990 ,00000 ,6591 ,999,99999, , ,80751      ,4,8,12,Logan County Unincorporated Area,16,16,4227026,1,2,380000,0,0,0,0,0,0,16,16,4227026,1,2,380000,0,0,0,0,0,0
2022,08,399500,035,0817,45955 ,00000 ,13614 ,216,19740, , ,80124      ,4,8,12,Lone Tree,3,3,1079115,2,4,579699,0,0,0,0,0,0,3,3,1079115,2,4,579699,0,0,0,0,0,0
2022,08,401000,013,0820,45970 ,00000 ,97793 ,216,14500,2, ,80501      ,4,8,12,Longmont,252,252,76204266,0,0,0,0,0,0,27,528,97306202,252,252,76204266,0,0,0,0,0,0,27,528,97306202
2022,08,403000,013,0825,46355 ,00000 ,19060 ,216,14500, , ,80027      ,4,8,12,Louisville,141,141,133350498,0,0,0,0,0,0,2,24,5193558,141,141,133350498,0,0,0,0,0,0,2,24,5193558
2022,08,405000,069,2640,46465 ,00000 ,83517 ,999,22660, , ,80537      ,4,8,12,Loveland,398,398,138421841,15,30,8670947,9,29,9251355,31,601,95314449,398,398,138421841,15,30,8670947,9,29,9251355,31,601,95314449
2022,08,407000,013,0835,47070 ,00000 ,2058 ,216,14500, , ,80540      ,4,8,12,Lyons town,13,13,3207623,0,0,0,2,8,1182653,0,0,0,13,13,3207623,0,0,0,2,8,1182653,0,0,0
2022,08,411000,083,0845,48115 ,00000 ,1398 ,999,99999, , ,81328      ,4,8,12,Mancos town,4,4,973800,0,0,0,0,0,0,0,0,0,4,4,973800,0,0,0,0,0,0,0,0,0
2022,08,415000,089,0855,48500 ,00000 ,410 ,999,99999, , ,81068      ,4,8,12,Manzanola town,0,0,0,0,0,0,0,0,0,0,0,0,0,0,0,0,0,0,0,0,0,0,0,0
2022,08,417000,051,0860,48555 ,00000 ,140 ,999,99999, , ,81623      ,4,8,12,Marble town,0,0,0,0,0,0,0,0,0,0,0,0,0,0,0,0,0,0,0,0,0,0,0,0
2022,08,419000,123,0865,49600 ,00000 ,5003 ,216,24540, , ,80542      ,4,8,12,Mead town,102,102,22969152,0,0,0,0,0,0,0,0,0,102,102,22969152,0,0,0,0,0,0,0,0,0
2022,08,421000,103,0875,49875 ,00000 ,2318 ,999,99999, , ,81641      ,4,8,12,Meeker town,6,6,1471900,0,0,0,0,0,0,0,0,0,6,6,1471900,0,0,0,0,0,0,0,0,0
2022,08,423000,075,0880,50040 ,00000 ,281 ,999,99999, , ,80741      ,4,8,12,Merino town,0,0,0,0,0,0,0,0,0,0,0,0,0,0,0,0,0,0,0,0,0,0,0,0
2022,08,425000,077,    ,00000 ,00000 ,73791 ,999,24300, , ,815025001  ,4,8,12,Mesa County,668,668,159123068,4,8,853199,0,0,0,11,293,25079328,668,668,159123068,4,8,853199,0,0,0,11,293,25079328
2022,08,427000,123,0885,50480 ,00000 ,8688 ,216,24540, , ,80543      ,4,8,12,Milliken town,51,51,9694000,0,0,0,0,0,0,0,0,0,51,51,9694000,0,0,0,0,0,0,0,0,0
2022,08,429000,079,    ,99990 ,00000 ,458 ,999,99999, , ,81130      ,4,8,0,Mineral County Unincorporated Area,9,9,3792063,0,0,0,0,0,0,0,0,0,0,0,0,0,0,0,0,0,0,0,0,0
2022,08,431000,037,0890,50920 ,00000 ,1147 ,999,99999, , ,816450309  ,4,8,12,Minturn town,0,0,0,0,0,0,0,0,0,0,0,0,0,0,0,0,0,0,0,0,0,0,0,0
2022,08,433000,081,    ,99990 ,00000 ,3857 ,999,99999, , ,81625      ,4,8,12,Moffat County Unincorporated Area,16,16,4136440,0,0,0,0,0,0,0,0,0,16,16,4136440,0,0,0,0,0,0,0,0,0
2022,08,435000,109,0895,51250 ,00000 ,123 ,999,99999, , ,81143      ,4,8,12,Moffat town,0,0,0,0,0,0,0,0,0,0,0,0,0,0,0,0,0,0,0,0,0,0,0,0
2022,08,443000,085,0910,51745 ,00000 ,19902 ,999,99999, , ,81402      ,4,8,12,Montrose,211,211,31745662,4,8,994130,0,0,0,4,59,9257302,211,211,31745662,4,8,994130,0,0,0,4,59,9257302
2022,08,445000,085,    ,99990 ,00000 ,20382 ,999,99999, , ,81401      ,4,8,12,Montrose County Unincorporated Area,124,124,21608632,0,0,0,0,0,0,0,0,0,124,124,21608632,0,0,0,0,0,0,0,0,0
2022,08,449000,087,    ,99990 ,00000 ,9996 ,999,99999, , ,80701      ,4,8,12,Morgan County Unincorporated Area,47,47,14350467,0,0,0,0,0,0,0,0,0,47,47,14350467,0,0,0,0,0,0,0,0,0
2022,08,451000,059,0920,52075 ,00000 ,430 ,216,19740, , ,804653001  ,4,8,0,Morrison town,0,0,0,0,0,0,0,0,0,0,0,0,0,0,0,0,0,0,0,0,0,0,0,0
2022,08,453000,051,0928,52570 ,00000 ,893 ,999,99999, , ,81225      ,4,8,12,Mount Crested Butte town,26,26,46937250,0,0,0,0,0,0,0,0,0,26,26,46937250,0,0,0,0,0,0,0,0,0
2022,08,455000,059,0925,52350 ,00000 ,549 ,216,19740, , ,80212      ,4,8,12,Mountain View town,0,0,0,0,0,0,0,0,0,0,0,0,0,0,0,0,0,0,0,0,0,0,0,0
2022,08,456000,113,0926,52550 ,00000 ,1470 ,999,99999, , ,81435      ,4,8,12,Mountain Village town,16,16,62850280,0,0,0,0,0,0,0,0,0,16,16,62850280,0,0,0,0,0,0,0,0,0
2022,08,457000,085,0930,53120 ,00000 ,526 ,999,99999, , ,81422      ,4,8,12,Naturita town,2,2,56700,0,0,0,0,0,0,0,0,0,2,2,56700,0,0,0,0,0,0,0,0,0
2022,08,459000,013,0935,53175 ,00000 ,1557 ,216,14500, , ,80466      ,4,8,12,Nederland town,8,8,2251834,1,2,332633,0,0,0,0,0,0,8,8,2251834,1,2,332633,0,0,0,0,0,0
2022,08,461000,045,0940,53395 ,00000 ,4962 ,999,99999, , ,81647      ,4,8,12,New Castle town,12,12,6081270,1,2,602503,0,0,0,0,0,0,12,12,6081270,1,2,602503,0,0,0,0,0,0
2022,08,463000,001,0943,54330 ,00000 ,38823 ,216,19740,2, ,80233      ,4,8,12,Northglenn,182,182,43288426,0,0,0,0,0,0,0,0,0,182,182,43288426,0,0,0,0,0,0,0,0,0
2022,08,469000,085,0955,54935 ,00000 ,688 ,999,99999, , ,81424      ,4,8,12,Nucla town,0,0,0,0,0,0,0,0,0,0,0,0,0,0,0,0,0,0,0,0,0,0,0,0
2022,08,471000,123,0960,55045 ,00000 ,497 ,216,24540, , ,806480171  ,4,8,12,Nunn town,4,4,1264576,0,0,0,0,0,0,0,0,0,4,4,1264576,0,0,0,0,0,0,0,0,0
2022,08,475000,085,0970,55540 ,00000 ,1824 ,999,99999, , ,81425      ,4,8,12,Olathe town,1,1,122400,0,0,0,0,0,0,0,0,0,1,1,122400,0,0,0,0,0,0,0,0,0
2022,08,477000,025,0975,55705 ,00000 ,325 ,999,99999, , ,810620156  ,4,8,0,Olney Springs town,0,0,0,0,0,0,0,0,0,0,0,0,0,0,0,0,0,0,0,0,0,0,0,0
2022,08,479000,113,0980,55870 ,00000 ,190 ,999,99999, , ,81426      ,4,8,12,Ophir town,0,0,0,0,0,0,0,0,0,0,0,0,0,0,0,0,0,0,0,0,0,0,0,0
2022,08,481000,029,0985,55980 ,00000 ,3242 ,999,99999, , ,814108258  ,4,8,12,Orchard City town,18,18,2435110,0,0,0,0,0,0,0,0,0,18,18,2435110,0,0,0,0,0,0,0,0,0
2022,08,483000,025,0995,56145 ,00000 ,1013 ,999,99999, , ,81063      ,4,8,0,Ordway town,0,0,0,0,0,0,0,0,0,1,16,1200000,0,0,0,0,0,0,0,0,0,0,0,0
2022,08,485000,089,    ,99990 ,00000 ,5142 ,999,99999, , ,81067      ,4,8,12,Otero County Unincorporated Area,3,3,1100000,0,0,0,0,0,0,0,0,0,3,3,1100000,0,0,0,0,0,0,0,0,0
2022,08,489000,091,1005,56420 ,00000 ,1046 ,999,99999, , ,81427      ,4,8,12,Ouray,4,4,1613960,0,0,0,0,0,0,0,0,0,4,4,1613960,0,0,0,0,0,0,0,0,0
2022,08,491000,091,    ,99990 ,00000 ,2916 ,999,99999, , ,814320028  ,4,8,12,Ouray County Unincorporated Area,44,44,13581300,2,4,1811300,0,0,0,0,0,0,44,44,13581300,2,4,1811300,0,0,0,0,0,0
2022,08,493000,115,1010,56475 ,00000 ,302 ,999,99999, , ,80744      ,4,8,12,Ovid town,3,3,1011258,0,0,0,0,0,0,0,0,0,3,3,1011258,0,0,0,0,0,0,0,0,0
2022,08,495000,007,1015,56860 ,00000 ,2132 ,999,99999, , ,811471859  ,4,8,12,Pagosa Springs town,39,39,6612003,0,0,0,0,0,0,0,0,0,39,39,6612003,0,0,0,0,0,0,0,0,0
2022,08,501000,095,1030,57245 ,00000 ,35 ,999,99999, , ,80746      ,4,8,0,Paoli town,0,0,0,0,0,0,0,0,0,0,0,0,0,0,0,0,0,0,0,0,0,0,0,0
2022,08,503000,029,1035,57300 ,00000 ,1474 ,999,99999, , ,81428      ,4,8,12,Paonia town,1,1,42000,0,0,0,0,0,0,0,0,0,1,1,42000,0,0,0,0,0,0,0,0,0
2022,08,505000,045,1037,57400 ,00000 ,1114 ,999,99999, , ,81632      ,4,8,12,Parachute town,0,0,0,0,0,0,0,0,0,0,0,0,0,0,0,0,0,0,0,0,0,0,0,0
2022,08,507000,093,    ,99990 ,00000 ,17823 ,216,19740, , ,80440      ,4,8,12,Park County Unincorporated Area,187,187,57979285,0,0,0,0,0,0,0,0,0,187,187,57979285,0,0,0,0,0,0,0,0,0
2022,08,509000,035,1039,57630 ,00000 ,58673 ,216,19740, , ,80134      ,4,8,12,Parker town,743,743,284891313,0,0,0,0,0,0,3,56,9400141,743,743,284891313,0,0,0,0,0,0,3,56,9400141
2022,08,511000,075,1040,58235 ,00000 ,237 ,999,99999, , ,807470007  ,4,8,0,Peetz town,0,0,0,0,0,0,0,0,0,0,0,0,0,0,0,0,0,0,0,0,0,0,0,0
2022,08,513000,095,    ,99990 ,00000 ,1156 ,999,99999, , ,80734      ,4,8,12,Phillips County Unincorporated Area,8,8,2633300,0,0,0,0,0,0,0,0,0,8,8,2633300,0,0,0,0,0,0,0,0,0
2022,08,515000,123,1045,59005 ,00000 ,938 ,216,24540, , ,80650      ,4,8,12,Pierce town,0,0,0,0,0,0,0,0,0,0,0,0,0,0,0,0,0,0,0,0,0,0,0,0
2022,08,517000,097,    ,99990 ,00000 ,6474 ,999,99999, , ,81611      ,4,8,12,Pitkin County Unincorporated Area,25,25,139852612,0,0,0,0,0,0,0,0,0,25,25,139852612,0,0,0,0,0,0,0,0,0
2022,08,519000,051,1050,59830 ,00000 ,70 ,999,99999, , ,81241      ,4,8,12,Pitkin town,1,1,381992,0,0,0,0,0,0,0,0,0,1,1,381992,0,0,0,0,0,0,0,0,0
2022,08,521000,123,1055,60160 ,00000 ,3000 ,216,24540, , ,806517503  ,4,8,0,Platteville town,0,0,0,0,0,0,0,0,0,0,0,0,0,0,0,0,0,0,0,0,0,0,0,0
2022,08,529000,099,    ,99990 ,00000 ,2710 ,999,99999, , ,81052      ,4,8,12,Prowers County Unincorporated Area,3,3,1011258,0,0,0,0,0,0,0,0,0,3,3,1011258,0,0,0,0,0,0,0,0,0
2022,08,533000,101,    ,99990 ,00000 ,56446 ,444,39380,2, ,81003      ,4,8,12,Pueblo County Unincorporated Area,497,497,81793594,0,0,0,0,0,0,0,0,0,497,497,81793594,0,0,0,0,0,0,0,0,0
2022,08,535000,041,1090,62660 ,00000 ,131 ,999,17820, , ,808320129  ,4,8,0,Ramah town,0,0,0,0,0,0,0,0,0,0,0,0,0,0,0,0,0,0,0,0,0,0,0,0
2022,08,537000,103,1095,62880 ,00000 ,2300 ,999,99999, , ,816483048  ,4,8,12,Rangely town,0,0,0,0,0,0,0,0,0,0,0,0,0,0,0,0,0,0,0,0,0,0,0,0
2022,08,541000,037,1110,63265 ,00000 ,300 ,999,99999, , ,816490040  ,4,8,12,Red Cliff town,0,0,0,0,0,0,0,0,0,0,0,0,0,0,0,0,0,0,0,0,0,0,0,0
2022,08,543000,033,1115,64090 ,00000 ,262 ,999,99999, , ,81332      ,4,8,12,Rico town,2,2,674172,0,0,0,0,0,0,0,0,0,2,2,674172,0,0,0,0,0,0,0,0,0
2022,08,545000,091,1120,64200 ,00000 ,1039 ,999,99999, , ,814320010  ,4,8,12,Ridgway town,14,14,7704739,1,2,700000,0,0,0,1,6,3000000,14,14,7704739,1,2,700000,0,0,0,1,6,3000000
2022,08,547000,045,1125,64255 ,00000 ,9775 ,999,99999, , ,816501908  ,4,8,12,Rifle,13,13,3429076,0,0,0,0,0,0,0,0,0,13,13,3429076,0,0,0,0,0,0,0,0,0
2022,08,549000,103,    ,99990 ,00000 ,1724 ,999,99999, , ,816410599  ,4,8,12,Rio Blanco County Unincorporated Area,26,26,8764236,0,0,0,0,0,0,0,0,0,26,26,8764236,0,0,0,0,0,0,0,0,0
2022,08,551000,105,    ,99990 ,00000 ,5066 ,999,99999,2, ,81132      ,4,8,12,Rio Grande County Unincorporated Area,48,48,10239130,0,0,0,0,0,0,0,0,0,48,48,10239130,0,0,0,0,0,0,0,0,0
2022,08,553000,043,1130,64970 ,00000 ,504 ,999,99999, , ,812440091  ,4,8,0,Rockvale town,8,8,1030533,0,0,0,0,0,0,0,0,0,0,0,0,0,0,0,0,0,0,0,0,0
2022,08,555000,089,1135,65190 ,00000 ,3806 ,999,99999, , ,810671702  ,4,8,12,Rocky Ford,0,0,0,0,0,0,0,0,0,1,30,4138449,0,0,0,0,0,0,0,0,0,1,30,4138449
2022,08,559000,107,    ,99990 ,00000 ,8992 ,999,99999, , ,80487      ,4,8,12,Routt County,184,184,216453515,0,0,0,1,4,2367000,5,250,34545139,184,184,216453515,0,0,0,1,4,2367000,5,250,34545139
2022,08,563000,109,    ,99990 ,00000 ,3937 ,999,99999, , ,81149      ,4,8,12,Saguache County Unincorporated Area,84,84,13821954,0,0,0,0,0,0,0,0,0,84,84,13821954,0,0,0,0,0,0,0,0,0
2022,08,565000,109,1155,67005 ,00000 ,531 ,999,99999, , ,811490417  ,4,8,12,Saguache town,0,0,0,0,0,0,0,0,0,0,0,0,0,0,0,0,0,0,0,0,0,0,0,0
2022,08,569000,111,    ,99990 ,00000 ,69 ,999,99999, , ,81433      ,4,8,12,San Juan County Unincorporated Area,0,0,0,0,0,0,0,0,0,0,0,0,0,0,0,0,0,0,0,0,0,0,0,0
2022,08,571000,023,1169,68105 ,00000 ,692 ,999,99999, , ,811520659  ,4,8,0,San Luis town,0,0,0,0,0,0,0,0,0,0,0,0,0,0,0,0,0,0,0,0,0,0,0,0
2022,08,573000,113,    ,99990 ,00000 ,3393 ,999,99999,2, ,81435      ,4,8,12,San Miguel County Unincorporated Area,44,44,68144034,0,0,0,0,0,0,0,0,0,44,44,68144034,0,0,0,0,0,0,0,0,0
2022,08,577000,113,1175,68655 ,00000 ,38 ,999,99999, , ,814300248  ,4,8,12,Sawpit town,0,0,0,0,0,0,0,0,0,0,0,0,0,0,0,0,0,0,0,0,0,0,0,0
2022,08,579000,115,    ,99990 ,00000 ,660 ,999,99999, , ,80737      ,4,8,12,Sedgwick County Unincorporated Area,0,0,0,0,0,0,0,0,0,0,0,0,0,0,0,0,0,0,0,0,0,0,0,0
2022,08,581000,115,1185,68930 ,00000 ,137 ,999,99999, , ,80749      ,4,8,12,Sedgwick town,0,0,0,0,0,0,0,0,0,0,0,0,0,0,0,0,0,0,0,0,0,0,0,0
2022,08,583000,063,1190,69040 ,00000 ,214 ,999,99999, , ,80834      ,4,8,12,Seibert town,0,0,0,0,0,0,0,0,0,0,0,0,0,0,0,0,0,0,0,0,0,0,0,0
2022,08,585000,123,1195,69150 ,00000 ,7634 ,216,24540, , ,80546      ,4,8,12,Severance town,134,134,43264473,0,0,0,0,0,0,0,0,0,134,134,43264473,0,0,0,0,0,0,0,0,0
2022,08,587000,005,1200,69645 ,00000 ,6027 ,216,19740, , ,80110      ,4,8,12,Sheridan,0,0,0,0,0,0,0,0,0,0,0,0,0,0,0,0,0,0,0,0,0,0,0,0
2022,08,591000,045,1210,70195 ,00000 ,3109 ,999,99999, , ,81652      ,4,8,12,Silt town,24,24,2814328,0,0,0,0,0,0,1,12,885000,24,24,2814328,0,0,0,0,0,0,1,12,885000
2022,08,593000,027,1215,70250 ,00000 ,741 ,999,99999, , ,81252      ,4,8,12,Silver Cliff town,6,6,2215732,0,0,0,0,0,0,0,0,0,6,6,2215732,0,0,0,0,0,0,0,0,0
2022,08,595000,019,1220,70360 ,00000 ,175 ,216,19740, , ,80476      ,4,8,12,Silver Plume town,0,0,0,0,0,0,0,0,0,0,0,0,0,0,0,0,0,0,0,0,0,0,0,0
2022,08,597000,117,1222,70525 ,00000 ,4906 ,999,99999, , ,80498      ,4,8,12,Silverthorne town,108,108,77463898,5,10,4411539,0,0,0,3,48,18000000,108,108,77463898,5,10,4411539,0,0,0,3,48,18000000
2022,08,599000,111,1225,70580 ,00000 ,679 ,999,99999, , ,814330250  ,4,8,12,Silverton town,5,5,2916550,0,0,0,0,0,0,0,0,0,5,5,2916550,0,0,0,0,0,0,0,0,0
2022,08,601000,039,1230,70635 ,00000 ,690 ,216,19740, , ,80835      ,4,8,12,Simla town,1,1,285725,0,0,0,0,0,0,0,0,0,1,1,285725,0,0,0,0,0,0,0,0,0
2022,08,603000,097,1236,71755 ,00000 ,2760 ,999,99999, , ,81615      ,4,8,12,Snowmass Village town,13,13,13908021,0,0,0,0,0,0,1,49,72900000,13,13,13908021,0,0,0,0,0,0,1,49,72900000
2022,08,605000,009,1240,73330 ,00000 ,1364 ,999,99999, , ,81073      ,4,8,12,Springfield town,4,4,840290,11,22,3984300,0,0,0,0,0,0,4,4,840290,11,22,3984300,0,0,0,0,0,0
2022,08,611000,075,1255,73935 ,00000 ,14078 ,999,99999, , ,807510400  ,4,8,12,Sterling,2,2,367000,0,0,0,0,0,0,0,0,0,2,2,367000,0,0,0,0,0,0,0,0,0
2022,08,613000,063,1260,74485 ,00000 ,640 ,999,99999, , ,80836      ,4,8,12,Stratton town,0,0,0,0,0,0,0,0,0,0,0,0,0,0,0,0,0,0,0,0,0,0,0,0
2022,08,615000,025,1265,74815 ,00000 ,244 ,999,99999, , ,810760060  ,4,8,12,Sugar City town,0,0,0,0,0,0,0,0,0,0,0,0,0,0,0,0,0,0,0,0,0,0,0,0
2022,08,617000,117,    ,99990 ,00000 ,15927 ,999,99999,2, ,804435660  ,4,8,0,Summit County Unincorporated Area,91,91,54978668,0,0,0,0,0,0,4,20,5934940,0,0,0,0,0,0,0,0,0,0,0,0
2022,08,619000,013,1270,75640 ,00000 ,13413 ,216,14500,2, ,80027      ,4,8,12,Superior town,93,93,33600908,7,14,6127653,7,24,21779386,5,39,9798989,93,93,33600908,7,14,6127653,7,24,21779386,5,39,9798989
2022,08,623000,089,1275,75970 ,00000 ,595 ,999,99999, , ,81077      ,4,8,12,Swink town,0,0,0,0,0,0,0,0,0,0,0,0,0,0,0,0,0,0,0,0,0,0,0,0
2022,08,625000,119,    ,99990 ,00000 ,15655 ,999,17820,2, ,80866      ,4,8,12,Teller County Unincorporated Area,76,76,19957145,0,0,0,0,0,0,0,0,0,76,76,19957145,0,0,0,0,0,0,0,0,0
2022,08,627000,113,1280,76795 ,00000 ,2416 ,999,99999, , ,81435      ,4,8,12,Telluride town,10,10,33738957,0,0,0,0,0,0,0,0,0,10,10,33738957,0,0,0,0,0,0,0,0,0
2022,08,629000,001,1285,77290 ,00000 ,148113 ,216,19740,2, ,80229      ,4,8,12,Thornton,591,591,175360547,0,0,0,0,0,0,8,284,55208334,591,591,175360547,0,0,0,0,0,0,8,284,55208334
2022,08,631000,069,1290,77510 ,00000 ,3172 ,999,22660,2, ,80547      ,4,8,12,Timnath town,268,268,87766858,0,0,0,0,0,0,0,0,0,268,268,87766858,0,0,0,0,0,0,0,0,0
2022,08,633000,071,1295,78610 ,00000 ,8127 ,999,99999, , ,81082      ,4,8,12,Trinidad,6,6,2138930,0,0,0,0,0,0,0,0,0,6,6,2138930,0,0,0,0,0,0,0,0,0
2022,08,637000,037,1307,80040 ,00000 ,5489 ,999,99999, , ,81657      ,4,8,12,Vail town,9,9,30600055,0,0,0,0,0,0,0,0,0,9,9,30600055,0,0,0,0,0,0,0,0,0
2022,08,639000,119,1310,80865 ,00000 ,426 ,999,17820, , ,80860      ,4,8,12,Victor,0,0,0,0,0,0,0,0,0,0,0,0,0,0,0,0,0,0,0,0,0,0,0,0
2022,08,645000,057,1325,82130 ,00000 ,609 ,999,99999, , ,80480      ,4,8,12,Walden town,0,0,0,0,0,0,0,0,0,0,0,0,0,0,0,0,0,0,0,0,0,0,0,0
2022,08,647000,055,1330,82350 ,00000 ,3003 ,999,99999, , ,81089      ,4,8,0,Walsenburg,0,0,0,0,0,0,0,0,0,0,0,0,0,0,0,0,0,0,0,0,0,0,0,0
2022,08,649000,009,1335,82460 ,00000 ,513 ,999,99999, , ,810900280  ,4,8,12,Walsh town,0,0,0,0,0,0,0,0,0,0,0,0,0,0,0,0,0,0,0,0,0,0,0,0
2022,08,651000,013,1340,82735 ,00000 ,168 ,216,14500, , ,80481      ,4,8,12,Ward town,0,0,0,0,0,0,0,0,0,0,0,0,0,0,0,0,0,0,0,0,0,0,0,0
2022,08,653000,121,    ,99990 ,00000 ,2709 ,999,99999, , ,80720      ,4,8,12,Washington County Unincorporated Area,4,4,352000,0,0,0,0,0,0,0,0,0,4,4,352000,0,0,0,0,0,0,0,0,0
2022,08,655000,123,    ,99990 ,00000 ,54551 ,216,24540, , ,80631      ,4,8,12,Weld County Unincorporated Area,124,124,41073989,0,0,0,0,0,0,0,0,0,124,124,41073989,0,0,0,0,0,0,0,0,0
2022,08,657000,069,1345,83230 ,00000 ,9620 ,999,22660, , ,80549      ,4,8,12,Wellington town,82,82,22663397,0,0,0,0,0,0,0,0,0,82,82,22663397,0,0,0,0,0,0,0,0,0
2022,08,659000,027,1350,83450 ,00000 ,692 ,999,99999, , ,81252      ,4,8,12,Westcliffe town,10,10,2497000,0,0,0,0,0,0,0,0,0,10,10,2497000,0,0,0,0,0,0,0,0,0
2022,08,661000,001,1355,83835 ,00000 ,69802 ,216,19740,2, ,80031      ,4,8,12,Westminster,21,21,5861941,0,0,0,0,0,0,0,0,0,21,21,5861941,0,0,0,0,0,0,0,0,0
2022,08,665000,059,1360,84440 ,00000 ,31857 ,216,19740, , ,800338001  ,4,8,0,Wheat Ridge,128,128,31975297,1,2,442400,0,0,0,12,300,49801818,0,0,0,0,0,0,0,0,0,0,0,0
2022,08,667000,087,1363,84770 ,00000 ,1152 ,999,99999, , ,806548933  ,4,8,12,Wiggins town,22,22,7260000,0,0,0,0,0,0,0,0,0,22,22,7260000,0,0,0,0,0,0,0,0,0
2022,08,671000,043,1370,85155 ,00000 ,682 ,999,99999, , ,81226      ,4,8,12,Williamsburg town,6,6,877450,0,0,0,0,0,0,0,0,0,6,6,877450,0,0,0,0,0,0,0,0,0
2022,08,673000,123,4560,85485 ,00000 ,21374 ,216,24540,2, ,80550      ,4,8,12,Windsor town,631,631,183464957,20,40,4695515,5,20,4762759,22,622,88729488,631,631,183464957,20,40,4695515,5,20,4762759,22,622,88729488
2022,08,675000,049,1377,85705 ,00000 ,1106 ,999,99999,2, ,80482      ,4,8,12,Winter Park town,115,115,38948349,0,0,0,0,0,0,4,20,2974204,115,115,38948349,0,0,0,0,0,0,4,20,2974204
2022,08,677000,119,1380,86090 ,00000 ,8151 ,999,17820, , ,80866      ,4,8,12,Woodland Park,55,55,19730174,0,0,0,0,0,0,0,0,0,55,55,19730174,0,0,0,0,0,0,0,0,0
2022,08,679000,125,1385,86310 ,00000 ,2353 ,999,99999, , ,80758      ,4,8,12,Wray,18,18,3056000,0,0,0,0,0,0,0,0,0,18,18,3056000,0,0,0,0,0,0,0,0,0
2022,08,683000,125,1395,86750 ,00000 ,3497 ,999,99999, , ,80759      ,4,8,12,Yuma,2,2,834900,0,0,0,0,0,0,0,0,0,2,2,834900,0,0,0,0,0,0,0,0,0
