Survey,State,6-Digit,County,Census Place,FIPS Place,FIPS MCD,Pop,CSA,CBSA,Footnote,Central,Zip,Region,Division,Number of,Place,,1-unit,,,2-units,,,3-4 units,,,5+ units,,,1-unit rep,,,2-units rep,,,3-4 units rep,,,5+ units rep
Date,Code,ID,Code,Code,Code,Code,  ,Code,Code,Code,City,Code,Code,Code,Months Rep,Name,Bldgs,Units,Value,Bldgs,Units,Value,Bldgs,Units,Value,Bldgs,Units,Value,Bldgs,Units,Value,Bldgs,Units,Value,Bldgs,Units,Value,Bldgs,Units,Value
2025,08,001000,001,    ,99990 ,00000 ,97489 ,216,19740, , ,80601      ,4,8,11,Adams County Unincorporated Area,345,345,113121892,0,0,0,0,0,0,29,145,17309467,314,314,103512888,0,0,0,0,0,0,29,145,17309467
2025,08,003000,071,0005,00760 ,00000 ,479 ,999,99999, , ,81020      ,4,8,12,Aguilar town,0,0,0,0,0,0,0,0,0,0,0,0,0,0,0,0,0,0,0,0,0,0,0,0
2025,08,005000,121,0010,00925 ,00000 ,1682 ,999,99999, , ,80720      ,4,8,0,Akron town,0,0,0,0,0,0,0,0,0,0,0,0,0,0,0,0,0,0,0,0,0,0,0,0
2025,08,007000,003,0015,01090 ,00000 ,9367 ,999,10480, ,2,81101      ,4,8,12,Alamosa,14,14,3086439,7,14,2145168,0,0,0,0,0,0,14,14,3086439,7,14,2145168,0,0,0,0,0,0
2025,08,009000,003,    ,99990 ,00000 ,6709 ,999,10480, , ,81101      ,4,8,0,Alamosa County Unincorporated Area,28,28,5012250,0,0,0,0,0,0,0,0,0,0,0,0,0,0,0,0,0,0,0,0,0
2025,08,011000,093,0020,01530 ,00000 ,329 ,216,19740, , ,80420      ,4,8,12,Alma town,2,2,1100000,0,0,0,0,0,0,0,0,0,2,2,1100000,0,0,0,0,0,0,0,0,0
2025,08,013000,021,0025,02355 ,00000 ,752 ,999,10480, , ,81120      ,4,8,0,Antonito town,0,0,0,0,0,0,0,0,0,0,0,0,0,0,0,0,0,0,0,0,0,0,0,0
2025,08,015000,005,    ,99990 ,00000 ,94719 ,216,19740, , ,80112      ,4,8,11,Arapahoe County Unincorporated Area,272,272,87771199,0,0,0,1,3,437825,20,382,54941371,228,228,74279419,0,0,0,0,0,0,17,367,53440605
2025,08,017000,007,    ,99990 ,00000 ,12064 ,999,99999, , ,81147      ,4,8,12,Archuleta County Unincorporated Area,113,113,38063244,0,0,0,0,0,0,0,0,0,113,113,38063244,0,0,0,0,0,0,0,0,0
2025,08,023000,059,0040,03455 ,00000 ,118822 ,216,19740,2, ,80002      ,4,8,11,Arvada,187,187,59956578,0,0,0,0,0,0,0,0,0,162,162,52237260,0,0,0,0,0,0,0,0,0
2025,08,025000,097,0045,03620 ,00000 ,7657 ,233,40090, , ,81611      ,4,8,12,Aspen,8,8,88492743,0,0,0,0,0,0,0,0,0,8,8,88492743,0,0,0,0,0,0,0,0,0
2025,08,027000,123,0050,03950 ,00000 ,2126 ,216,24540, , ,80610      ,4,8,12,Ault town,0,0,0,0,0,0,0,0,0,0,0,0,0,0,0,0,0,0,0,0,0,0,0,0
2025,08,031000,005,0055,04000 ,00000 ,337361 ,216,19740,2,1,800121553  ,4,8,12,Aurora,1156,1156,253473340,0,0,0,0,0,0,1,405,47300000,1156,1156,253473340,0,0,0,0,0,0,1,405,47300000
2025,08,035000,037,0057,04110 ,00000 ,6952 ,233,20780, , ,816200975  ,4,8,12,Avon town,24,24,14560133,0,0,0,0,0,0,0,0,0,24,24,14560133,0,0,0,0,0,0,0,0,0
2025,08,039000,037,0060,04935 ,00000 ,3180 ,233,20780,2, ,81621      ,4,8,0,Basalt town,5,5,1798465,0,0,0,0,0,0,3,15,5571429,0,0,0,0,0,0,0,0,0,0,0,0
2025,08,043000,067,0065,05265 ,00000 ,2586 ,999,20420, , ,81122      ,4,8,12,Bayfield town,6,6,1639555,1,2,500000,1,4,270000,0,0,0,6,6,1639555,1,2,500000,1,4,270000,0,0,0
2025,08,045000,001,0075,06090 ,00000 ,2564 ,216,19740,2, ,801027806  ,4,8,12,Bennett town,134,134,41122766,0,0,0,1,4,1151872,0,0,0,134,134,41122766,0,0,0,1,4,1151872,0,0,0
2025,08,047000,011,    ,99990 ,00000 ,3228 ,999,99999, , ,81054      ,4,8,0,Bent County Unincorporated Area,0,0,0,0,0,0,0,0,0,0,0,0,0,0,0,0,0,0,0,0,0,0,0,0
2025,08,049000,069,0080,06255 ,00000 ,10668 ,999,22660,2, ,80513      ,4,8,12,Berthoud town,143,143,77138776,0,0,0,0,0,0,0,0,0,143,143,77138776,0,0,0,0,0,0,0,0,0
2025,08,051000,063,0085,06530 ,00000 ,235 ,999,99999, , ,80805      ,4,8,12,Bethune town,1,1,296519,0,0,0,0,0,0,0,0,0,1,1,296519,0,0,0,0,0,0,0,0,0
2025,08,053000,047,0090,07025 ,00000 ,131 ,216,19740, , ,80422      ,4,8,12,Black Hawk,0,0,0,0,0,0,0,0,0,0,0,0,0,0,0,0,0,0,0,0,0,0,0,0
2025,08,055000,023,0095,07190 ,00000 ,407 ,999,10480, , ,81123      ,4,8,0,Blanca town,0,0,0,0,0,0,0,0,0,0,0,0,0,0,0,0,0,0,0,0,0,0,0,0
2025,08,057000,117,0097,07410 ,00000 ,928 ,999,14720, , ,80424      ,4,8,10,Blue River town,5,5,2499947,0,0,0,0,0,0,0,0,0,4,4,2020460,0,0,0,0,0,0,0,0,0
2025,08,063000,013,0110,07850 ,00000 ,107645 ,216,14500, ,1,803060791  ,4,8,12,Boulder,31,31,19381312,1,2,588884,0,0,0,3,303,66703894,31,31,19381312,1,2,588884,0,0,0,3,303,66703894
2025,08,065000,013,    ,99990 ,00000 ,43885 ,216,14500,2, ,80306      ,4,8,12,Boulder County Unincorporated Area,55,55,61252926,0,0,0,0,0,0,0,0,0,55,55,61252926,0,0,0,0,0,0,0,0,0
2025,08,067000,005,0115,08070 ,00000 ,667 ,216,19740,2, ,801231586  ,4,8,0,Bow Mar town,0,0,0,0,0,0,0,0,0,0,0,0,0,0,0,0,0,0,0,0,0,0,0,0
2025,08,073000,117,0125,08400 ,00000 ,4954 ,999,14720, ,2,80424      ,4,8,12,Breckenridge town,59,59,59032420,0,0,0,0,0,0,0,0,0,59,59,59032420,0,0,0,0,0,0,0,0,0
2025,08,075000,001,0130,08675 ,00000 ,39123 ,216,19740,2, ,80601      ,4,8,12,Brighton,483,483,157497980,0,0,0,0,0,0,0,0,0,483,483,157497980,0,0,0,0,0,0,0,0,0
2025,08,079000,043,0140,09115 ,00000 ,261 ,444,15860, , ,81212      ,4,8,12,Brookside town,0,0,0,0,0,0,0,0,0,0,0,0,0,0,0,0,0,0,0,0,0,0,0,0
2025,08,083000,014,0143,09280 ,00000 ,72236 ,216,19740,2,1,80020      ,4,8,12,Broomfield,76,76,39467943,0,0,0,4,14,3966208,8,880,183575387,76,76,39467943,0,0,0,4,14,3966208,8,880,183575387
2025,08,089000,087,0150,09555 ,00000 ,5438 ,999,22820, , ,80723      ,4,8,0,Brush,2,2,263804,0,0,0,0,0,0,0,0,0,0,0,0,0,0,0,0,0,0,0,0,0
2025,08,093000,063,0160,10600 ,00000 ,3126 ,999,99999, , ,80807      ,4,8,12,Burlington,1,1,97800,0,0,0,0,0,0,0,0,0,1,1,97800,0,0,0,0,0,0,0,0,0
2025,08,095000,041,0165,11260 ,00000 ,827 ,999,17820, , ,808088203  ,4,8,12,Calhan town,2,2,176000,0,0,0,0,0,0,0,0,0,2,2,176000,0,0,0,0,0,0,0,0,0
2025,08,099000,043,0610,11810 ,00000 ,16536 ,444,15860, ,2,812151460  ,4,8,12,Canon City,19,19,6604314,1,2,346230,0,0,0,0,0,0,19,19,6604314,1,2,346230,0,0,0,0,0,0
2025,08,101000,045,0180,12045 ,00000 ,6729 ,233,40090, , ,81623      ,4,8,12,Carbondale town,15,15,7950143,0,0,0,0,0,0,1,16,6537028,15,15,7950143,0,0,0,0,0,0,1,16,6537028
2025,08,102900,035,0186,12387 ,00000 ,11664 ,216,19740, , ,801084601  ,4,8,12,Castle Pines,99,99,56644121,0,0,0,0,0,0,3,18,4300102,99,99,56644121,0,0,0,0,0,0,3,18,4300102
2025,08,103000,035,0188,12415 ,00000 ,70567 ,216,19740, , ,80104      ,4,8,12,Castle Rock town,261,261,155421617,0,0,0,0,0,0,0,0,0,261,261,155421617,0,0,0,0,0,0,0,0,0
2025,08,105000,029,0190,12635 ,00000 ,2313 ,999,99999, , ,81413      ,4,8,0,Cedaredge town,12,12,2648754,0,0,0,0,0,0,0,0,0,0,0,0,0,0,0,0,0,0,0,0,0
2025,08,106000,005,0193,12815 ,00000 ,110156 ,216,19740, ,1,80112      ,4,8,12,Centennial,194,194,53529433,0,0,0,0,0,0,0,0,0,194,194,53529433,0,0,0,0,0,0,0,0,0
2025,08,109000,109,0195,12855 ,00000 ,2188 ,999,99999,2, ,81125      ,4,8,0,Center town,1,1,416234,0,0,0,0,0,0,0,0,0,0,0,0,0,0,0,0,0,0,0,0,0
2025,08,111000,047,0200,12900 ,00000 ,730 ,216,19740,2, ,80427      ,4,8,12,Central,0,0,0,0,0,0,0,0,0,0,0,0,0,0,0,0,0,0,0,0,0,0,0,0
2025,08,113000,015,    ,00000 ,00000 ,10721 ,999,99999, , ,81201      ,4,8,12,Chaffee County,167,167,69630271,1,2,222256,2,6,1159073,0,0,0,167,167,69630271,1,2,222256,2,6,1159073,0,0,0
2025,08,117000,005,0210,13845 ,00000 ,6620 ,216,19740, , ,80113      ,4,8,12,Cherry Hills Village,9,9,39389990,0,0,0,0,0,0,0,0,0,9,9,39389990,0,0,0,0,0,0,0,0,0
2025,08,119000,017,    ,99990 ,00000 ,751 ,999,99999, , ,808100567  ,4,8,12,Cheyenne County Unincorporated Area,1,1,296519,0,0,0,0,0,0,0,0,0,1,1,296519,0,0,0,0,0,0,0,0,0
2025,08,121000,017,0215,14175 ,00000 ,815 ,999,99999, , ,80810      ,4,8,12,Cheyenne Wells town,1,1,800000,0,0,0,0,0,0,0,0,0,1,1,800000,0,0,0,0,0,0,0,0,0
2025,08,123000,019,    ,99990 ,00000 ,6150 ,216,19740,2, ,80444      ,4,8,12,Clear Creek County Unincorporated Area,14,14,9953595,0,0,0,0,0,0,0,0,0,14,14,9953595,0,0,0,0,0,0,0,0,0
2025,08,125000,043,0225,15330 ,00000 ,350 ,444,15860, , ,81221      ,4,8,12,Coal Creek town,0,0,0,0,0,0,0,0,0,0,0,0,0,0,0,0,0,0,0,0,0,0,0,0
2025,08,133000,005,0244,16385 ,00000 ,1508 ,216,19740, , ,80123      ,4,8,11,Columbine Valley town,0,0,0,0,0,0,0,0,0,0,0,0,0,0,0,0,0,0,0,0,0,0,0,0
2025,08,135000,001,0245,16495 ,00000 ,59317 ,216,19740, ,1,80022      ,4,8,12,Commerce City,488,488,173611258,0,0,0,0,0,0,21,443,70739729,488,488,173611258,0,0,0,0,0,0,21,443,70739729
2025,08,137000,021,    ,99990 ,00000 ,4250 ,999,10480, , ,81129      ,4,8,12,Conejos County Unincorporated Area,18,18,7500475,0,0,0,0,0,0,0,0,0,18,18,7500475,0,0,0,0,0,0,0,0,0
2025,08,139000,083,0250,17375 ,00000 ,8734 ,999,99999, , ,81321      ,4,8,0,Cortez,14,14,3544981,0,0,0,0,0,0,0,0,0,0,0,0,0,0,0,0,0,0,0,0,0
2025,08,141000,023,    ,99990 ,00000 ,2822 ,999,10480, , ,81152      ,4,8,12,Costilla County Unincorporated Area,114,114,33803130,0,0,0,0,0,0,0,0,0,114,114,33803130,0,0,0,0,0,0,0,0,0
2025,08,143000,081,0255,17760 ,00000 ,8953 ,999,44460, , ,81625      ,4,8,12,Craig,11,11,5541262,0,0,0,0,0,0,0,0,0,11,11,5541262,0,0,0,0,0,0,0,0,0
2025,08,145000,029,0260,17925 ,00000 ,429 ,999,99999, , ,81415      ,4,8,12,Crawford town,1,1,296519,0,0,0,0,0,0,0,0,0,1,1,296519,0,0,0,0,0,0,0,0,0
2025,08,147000,079,0796,14765 ,00000 ,315 ,999,99999, , ,81130      ,4,8,12,City of Creede town,3,3,1250000,0,0,0,0,0,0,0,0,0,3,3,1250000,0,0,0,0,0,0,0,0,0
2025,08,149000,051,0270,18310 ,00000 ,1682 ,999,99999, , ,81224      ,4,8,12,Crested Butte town,4,4,5093443,0,0,0,0,0,0,0,0,0,4,4,5093443,0,0,0,0,0,0,0,0,0
2025,08,150000,109,0275,18420 ,00000 ,138 ,999,99999, , ,81131      ,4,8,12,Crestone town,2,2,593037,0,0,0,0,0,0,0,0,0,2,2,593037,0,0,0,0,0,0,0,0,0
2025,08,151000,119,0280,18530 ,00000 ,1266 ,999,17820, , ,80813      ,4,8,12,Cripple Creek,20,20,3433000,0,0,0,0,0,0,0,0,0,20,20,3433000,0,0,0,0,0,0,0,0,0
2025,08,153000,075,0285,18640 ,00000 ,110 ,999,44540, , ,80726      ,4,8,12,Crook town,0,0,0,0,0,0,0,0,0,0,0,0,0,0,0,0,0,0,0,0,0,0,0,0
2025,08,155000,025,    ,99990 ,00000 ,3948 ,999,99999, , ,81063      ,4,8,12,Crowley County Unincorporated Area,0,0,0,0,0,0,0,0,0,0,0,0,0,0,0,0,0,0,0,0,0,0,0,0
2025,08,157000,025,0290,18750 ,00000 ,166 ,999,99999, , ,810330036  ,4,8,12,Crowley town,0,0,0,0,0,0,0,0,0,0,0,0,0,0,0,0,0,0,0,0,0,0,0,0
2025,08,159000,027,    ,99990 ,00000 ,3750 ,999,99999, , ,81252      ,4,8,12,Custer County Unincorporated Area,68,68,20163270,0,0,0,0,0,0,0,0,0,68,68,20163270,0,0,0,0,0,0,0,0,0
2025,08,161000,123,0295,19080 ,00000 ,6572 ,216,24540, , ,805140186  ,4,8,12,Dacono,19,19,7923082,0,0,0,0,0,0,0,0,0,19,19,7923082,0,0,0,0,0,0,0,0,0
2025,08,165000,005,0305,19630 ,00000 ,856 ,216,19740, , ,80105      ,4,8,12,Deer Trail town,0,0,0,0,0,0,0,0,0,0,0,0,0,0,0,0,0,0,0,0,0,0,0,0
2025,08,169000,029,0315,19850 ,00000 ,9030 ,999,99999, , ,81416      ,4,8,12,Delta,27,27,7271400,1,2,435000,0,0,0,0,0,0,27,27,7271400,1,2,435000,0,0,0,0,0,0
2025,08,173000,031,0320,20000 ,00000 ,735538 ,216,19740,2,1,80202      ,4,8,11,Denver,1027,1027,332552732,0,0,0,4,12,1567792,54,3688,701977846,967,967,313974864,0,0,0,4,12,1567792,46,3124,608258024
2025,08,177000,081,0332,20495 ,00000 ,334 ,999,44460, , ,816100238  ,4,8,0,Dinosaur town,0,0,0,0,0,0,0,0,0,0,0,0,0,0,0,0,0,0,0,0,0,0,0,0
2025,08,181000,083,0335,20770 ,00000 ,964 ,999,99999, , ,81323      ,4,8,12,Dolores town,1,1,419000,2,4,960000,0,0,0,0,0,0,1,1,419000,2,4,960000,0,0,0,0,0,0
2025,08,183000,035,    ,99990 ,00000 ,203901 ,216,19740,2, ,80104      ,4,8,12,Douglas County Unincorporated Area,616,616,215764177,3,6,645466,12,46,8333865,2,10,1842859,616,616,215764177,3,6,645466,12,46,8333865,2,10,1842859
2025,08,187000,067,0350,22035 ,00000 ,19690 ,999,20420, ,2,81301      ,4,8,12,Durango,28,28,19508814,3,6,2242000,2,8,1730000,8,168,17660046,28,28,19508814,3,6,2242000,2,8,1730000,8,168,17660046
2025,08,189000,061,0355,22145 ,00000 ,632 ,999,99999, , ,81036      ,4,8,12,Eads town,0,0,0,0,0,0,0,0,0,0,0,0,0,0,0,0,0,0,0,0,0,0,0,0
2025,08,191000,037,    ,99990 ,00000 ,23646 ,233,20780, , ,81631      ,4,8,12,Eagle County Unincorporated Area,41,41,63386024,0,0,0,0,0,0,0,0,0,41,41,63386024,0,0,0,0,0,0,0,0,0
2025,08,193000,037,0360,22200 ,00000 ,6911 ,233,20780, , ,81631      ,4,8,12,Eagle town,13,13,16961825,2,4,753179,1,3,700000,4,32,5486973,13,13,16961825,2,4,753179,1,3,700000,4,32,5486973
2025,08,195000,123,0370,22860 ,00000 ,6000 ,216,24540, , ,80615      ,4,8,12,Eaton town,2,2,525000,0,0,0,0,0,0,0,0,0,2,2,525000,0,0,0,0,0,0,0,0,0
2025,08,197000,125,0375,23025 ,00000 ,260 ,999,99999, , ,807270217  ,4,8,12,Eckley town,0,0,0,0,0,0,0,0,0,0,0,0,0,0,0,0,0,0,0,0,0,0,0,0
2025,08,199000,059,0380,23135 ,00000 ,5393 ,216,19740, , ,80214      ,4,8,12,Edgewater,4,4,2534558,1,2,460000,0,0,0,0,0,0,4,4,2534558,1,2,460000,0,0,0,0,0,0
2025,08,201000,041,    ,99990 ,00000 ,196856 ,999,17820,2, ,80910      ,4,8,12,El Paso County Unincorporated Area,2719,2719,1473660656,91,182,32709756,0,0,0,65,2804,558512846,2719,2719,1473660656,91,182,32709756,0,0,0,65,2804,558512846
2025,08,203000,039,    ,99990 ,00000 ,23930 ,216,19740, , ,80117      ,4,8,12,Elbert County Unincorporated Area,281,281,138571663,0,0,0,0,0,0,0,0,0,281,281,138571663,0,0,0,0,0,0,0,0,0
2025,08,205000,039,0385,23740 ,00000 ,1867 ,216,19740, , ,80107      ,4,8,12,Elizabeth town,2,2,884902,0,0,0,0,0,0,2,48,5340000,2,2,884902,0,0,0,0,0,0,2,48,5340000
2025,08,209000,005,0395,24785 ,00000 ,35099 ,216,19740, , ,80110      ,4,8,12,Englewood,30,30,11572702,0,0,0,3,12,3600000,7,42,8600000,30,30,11572702,0,0,0,3,12,3600000,7,42,8600000
2025,08,213000,123,0400,24950 ,00000 ,17559 ,216,24540,2, ,805160750  ,4,8,12,Erie town,108,108,49188101,0,0,0,0,0,0,1,64,25359464,108,108,49188101,0,0,0,0,0,0,1,64,25359464
2025,08,215000,069,0405,25115 ,00000 ,6553 ,999,22660, , ,80517      ,4,8,12,Estes Park town,6,6,4691932,0,0,0,0,0,0,0,0,0,6,6,4691932,0,0,0,0,0,0,0,0,0
2025,08,217000,123,0415,25280 ,00000 ,23183 ,216,24540, , ,80620      ,4,8,12,Evans,0,0,0,0,0,0,0,0,0,0,0,0,0,0,0,0,0,0,0,0,0,0,0,0
2025,08,219000,093,0425,25610 ,00000 ,803 ,216,19740, , ,804400267  ,4,8,12,Fairplay town,4,4,1700000,0,0,0,0,0,0,0,0,0,4,4,1700000,0,0,0,0,0,0,0,0,0
2025,08,221000,001,0430,26270 ,00000 ,13598 ,216,19740, , ,80221      ,4,8,12,Federal Heights,0,0,0,0,0,0,0,0,0,0,0,0,0,0,0,0,0,0,0,0,0,0,0,0
2025,08,223000,123,0435,26600 ,00000 ,15298 ,216,24540, , ,80504      ,4,8,12,Firestone town,119,119,58924510,0,0,0,0,0,0,0,0,0,119,119,58924510,0,0,0,0,0,0,0,0,0
2025,08,225000,063,0440,26765 ,00000 ,567 ,999,99999, , ,80815      ,4,8,12,Flagler town,0,0,0,0,0,0,0,0,0,0,0,0,0,0,0,0,0,0,0,0,0,0,0,0
2025,08,227000,075,0445,26875 ,00000 ,405 ,999,44540, , ,80728      ,4,8,0,Fleming town,1,1,100000,0,0,0,0,0,0,0,0,0,0,0,0,0,0,0,0,0,0,0,0,0
2025,08,229000,043,0450,27040 ,00000 ,3982 ,444,15860, , ,81226      ,4,8,12,Florence,9,9,1617477,0,0,0,0,0,0,0,0,0,9,9,1617477,0,0,0,0,0,0,0,0,0
2025,08,231000,069,0455,27425 ,00000 ,168234 ,999,22660, ,1,80524      ,4,8,12,Fort Collins,296,296,102096789,3,6,483265,14,54,5431870,48,957,160403784,296,296,102096789,3,6,483265,14,54,5431870,48,957,160403784
2025,08,233000,123,0465,27700 ,00000 ,8666 ,216,24540, , ,806211343  ,4,8,12,Fort Lupton,210,210,59456879,0,0,0,0,0,0,0,0,0,210,210,59456879,0,0,0,0,0,0,0,0,0
2025,08,235000,087,0470,27810 ,00000 ,11249 ,999,22820, ,2,80701      ,4,8,12,Fort Morgan,15,15,4921228,1,2,665035,0,0,0,0,0,0,15,15,4921228,1,2,665035,0,0,0,0,0,0
2025,08,239000,089,0480,27975 ,00000 ,1149 ,999,99999,2, ,810391134  ,4,8,12,Fowler town,0,0,0,0,0,0,0,0,0,0,0,0,0,0,0,0,0,0,0,0,0,0,0,0
2025,08,240000,005,0483,28105 ,00000 ,771 ,216,19740, , ,80108      ,4,8,12,Foxfield town,0,0,0,0,0,0,0,0,0,0,0,0,0,0,0,0,0,0,0,0,0,0,0,0
2025,08,243000,123,0490,28360 ,00000 ,11515 ,216,24540, , ,805300435  ,4,8,12,Frederick town,56,56,22340798,0,0,0,0,0,0,0,0,0,56,56,22340798,0,0,0,0,0,0,0,0,0
2025,08,245000,043,    ,99990 ,00000 ,25552 ,444,15860, , ,81212      ,4,8,12,Fremont County Unincorporated Area,73,73,17342994,0,0,0,0,0,0,0,0,0,73,73,17342994,0,0,0,0,0,0,0,0,0
2025,08,247000,117,0500,28690 ,00000 ,2874 ,999,14720, , ,80443      ,4,8,12,Frisco town,12,12,16327343,0,0,0,0,0,0,1,54,26265360,12,12,16327343,0,0,0,0,0,0,1,54,26265360
2025,08,249000,077,0505,28745 ,00000 ,14295 ,999,24300, , ,81521      ,4,8,12,Fruita,99,99,13729772,0,0,0,0,0,0,4,42,2670726,99,99,13729772,0,0,0,0,0,0,4,42,2670726
2025,08,251000,123,0510,29185 ,00000 ,279 ,216,24540, , ,806318466  ,4,8,12,Garden City town,0,0,0,0,0,0,0,0,0,0,0,0,0,0,0,0,0,0,0,0,0,0,0,0
2025,08,253000,045,    ,99990 ,00000 ,24455 ,233,40090, , ,81601      ,4,8,12,Garfield County Unincorporated Area,93,93,36906023,0,0,0,0,0,0,0,0,0,93,93,36906023,0,0,0,0,0,0,0,0,0
2025,08,257000,019,0520,29735 ,00000 ,1102 ,216,19740, , ,804440426  ,4,8,3,Georgetown town,5,5,2009995,0,0,0,0,0,0,0,0,0,0,0,0,0,0,0,0,0,0,0,0,0
2025,08,259000,123,0525,29955 ,00000 ,1169 ,216,24540, , ,806230128  ,4,8,0,Gilcrest town,0,0,0,0,0,0,0,0,0,0,0,0,0,0,0,0,0,0,0,0,0,0,0,0
2025,08,261000,047,    ,99990 ,00000 ,5374 ,216,19740, , ,80427      ,4,8,12,Gilpin County Unincorporated Area,22,22,15369794,0,0,0,0,0,0,0,0,0,22,22,15369794,0,0,0,0,0,0,0,0,0
2025,08,263000,005,0530,30340 ,00000 ,5102 ,216,19740, , ,80246      ,4,8,12,Glendale,0,0,0,0,0,0,0,0,0,0,0,0,0,0,0,0,0,0,0,0,0,0,0,0
2025,08,265000,045,0535,30780 ,00000 ,10222 ,233,40090, , ,81601      ,4,8,12,Glenwood Springs,15,15,6160000,0,0,0,1,4,1119100,1,5,1560000,15,15,6160000,0,0,0,1,4,1119100,1,5,1560000
2025,08,267000,059,0540,30835 ,00000 ,20347 ,216,19740, , ,80401      ,4,8,12,Golden,36,36,19778599,0,0,0,0,0,0,0,0,0,36,36,19778599,0,0,0,0,0,0,0,0,0
2025,08,269000,099,0545,31550 ,00000 ,509 ,999,99999, , ,81041      ,4,8,0,Granada town,10,10,4162344,0,0,0,0,0,0,0,0,0,0,0,0,0,0,0,0,0,0,0,0,0
2025,08,273000,049,    ,99990 ,00000 ,8489 ,999,99999,2, ,80451      ,4,8,12,Grand County Unincorporated Area,123,123,46201718,3,6,422724,0,0,0,3,69,8521231,123,123,46201718,3,6,422724,0,0,0,3,69,8521231
2025,08,279000,123,0570,32155 ,00000 ,108958 ,216,24540, ,1,80631      ,4,8,12,Greeley,200,200,74573042,0,0,0,0,0,0,19,483,77231201,200,200,74573042,0,0,0,0,0,0,19,483,77231201
2025,08,285000,005,0580,33035 ,00000 ,14907 ,216,19740, , ,80111      ,4,8,12,Greenwood Village,5,5,17799561,0,0,0,0,0,0,0,0,0,5,5,17799561,0,0,0,0,0,0,0,0,0
2025,08,287000,123,0585,33310 ,00000 ,161 ,216,24540, , ,80729      ,4,8,12,Grover town,0,0,0,0,0,0,0,0,0,0,0,0,0,0,0,0,0,0,0,0,0,0,0,0
2025,08,289000,051,0590,33640 ,00000 ,6840 ,999,99999, , ,81230      ,4,8,12,Gunnison,6,6,2246913,1,2,503373,0,0,0,0,0,0,6,6,2246913,1,2,503373,0,0,0,0,0,0
2025,08,291000,051,    ,99990 ,00000 ,7968 ,999,99999, , ,81230      ,4,8,12,Gunnison County Unincorporated Area,120,120,117446877,0,0,0,0,0,0,0,0,0,120,120,117446877,0,0,0,0,0,0,0,0,0
2025,08,293000,037,0595,33695 ,00000 ,7304 ,233,20780, , ,81637      ,4,8,12,Gypsum town,59,59,13107108,0,0,0,0,0,0,0,0,0,59,59,13107108,0,0,0,0,0,0,0,0,0
2025,08,299000,095,0610,34960 ,00000 ,937 ,999,99999, , ,80731      ,4,8,12,Haxtun town,0,0,0,0,0,0,0,0,0,0,0,0,0,0,0,0,0,0,0,0,0,0,0,0
2025,08,303000,087,0620,36610 ,00000 ,258 ,999,22820, , ,80733      ,4,8,12,Hillrose town,0,0,0,0,0,0,0,0,0,0,0,0,0,0,0,0,0,0,0,0,0,0,0,0
2025,08,305000,053,    ,00000 ,00000 ,420 ,999,99999, , ,81235      ,4,8,12,Hinsdale County,8,8,2372150,0,0,0,0,0,0,0,0,0,8,8,2372150,0,0,0,0,0,0,0,0,0
2025,08,307000,099,0625,37215 ,00000 ,775 ,999,99999, , ,810470458  ,4,8,12,Holly town,0,0,0,0,0,0,0,0,0,0,0,0,0,0,0,0,0,0,0,0,0,0,0,0
2025,08,309000,095,0630,37270 ,00000 ,2239 ,999,99999, , ,80734      ,4,8,12,Holyoke,0,0,0,1,2,400639,0,0,0,0,0,0,0,0,0,1,2,400639,0,0,0,0,0,0
2025,08,311000,003,0635,37380 ,00000 ,104 ,999,10480, , ,811360001  ,4,8,0,Hooper town,0,0,0,0,0,0,0,0,0,0,0,0,0,0,0,0,0,0,0,0,0,0,0,0
2025,08,315000,029,0640,37545 ,00000 ,928 ,999,99999, , ,81419      ,4,8,12,Hotchkiss town,0,0,0,0,0,0,0,0,0,0,0,0,0,0,0,0,0,0,0,0,0,0,0,0
2025,08,317000,123,0650,37820 ,00000 ,2768 ,216,24540, , ,80642      ,4,8,0,Hudson town,0,0,0,0,0,0,0,0,0,0,0,0,0,0,0,0,0,0,0,0,0,0,0,0
2025,08,319000,055,    ,99990 ,00000 ,3071 ,999,99999, , ,81089      ,4,8,0,Huerfano County Unincorporated Area,43,43,8851990,0,0,0,0,0,0,0,0,0,0,0,0,0,0,0,0,0,0,0,0,0
2025,08,321000,073,0655,37875 ,00000 ,782 ,999,99999, , ,80821      ,4,8,12,Hugo town,1,1,214447,0,0,0,0,0,0,0,0,0,1,1,214447,0,0,0,0,0,0,0,0,0
2025,08,323000,019,0660,38370 ,00000 ,1857 ,216,19740, , ,80452      ,4,8,12,Idaho Springs,2,2,373774,0,0,0,0,0,0,0,0,0,2,2,373774,0,0,0,0,0,0,0,0,0
2025,08,325000,067,0665,38535 ,00000 ,963 ,999,20420, , ,81137      ,4,8,12,Ignacio town,12,12,3558224,0,0,0,0,0,0,0,0,0,12,12,3558224,0,0,0,0,0,0,0,0,0
2025,08,327000,075,0670,38590 ,00000 ,272 ,999,44540, , ,807360194  ,4,8,12,Iliff town,0,0,0,0,0,0,0,0,0,0,0,0,0,0,0,0,0,0,0,0,0,0,0,0
2025,08,329000,057,    ,99990 ,00000 ,780 ,999,99999, , ,804801019  ,4,8,12,Jackson County Unincorporated Area,2,2,1150000,0,0,0,0,0,0,0,0,0,2,2,1150000,0,0,0,0,0,0,0,0,0
2025,08,333000,059,    ,99990 ,00000 ,200180 ,216,19740, , ,804193540  ,4,8,12,Jefferson County Unincorporated Area,439,439,214927417,6,12,2399480,0,0,0,1,190,42500000,439,439,214927417,6,12,2399480,0,0,0,1,190,42500000
2025,08,335000,123,0690,39855 ,00000 ,11982 ,216,24540,2, ,805340609  ,4,8,12,Johnstown town,543,543,182377439,0,0,0,0,0,0,0,0,0,543,543,182377439,0,0,0,0,0,0,0,0,0
2025,08,337000,115,0695,39965 ,00000 ,1161 ,999,99999, , ,80737      ,4,8,12,Julesburg town,0,0,0,0,0,0,0,0,0,0,0,0,0,0,0,0,0,0,0,0,0,0,0,0
2025,08,339000,123,0700,40185 ,00000 ,1302 ,216,24540, , ,80643      ,4,8,12,Keenesburg town,14,14,5444695,0,0,0,0,0,0,0,0,0,14,14,5444695,0,0,0,0,0,0,0,0,0
2025,08,341000,123,0710,40515 ,00000 ,1798 ,216,24540, , ,80644      ,4,8,12,Kersey town,0,0,0,0,0,0,0,0,0,0,0,0,0,0,0,0,0,0,0,0,0,0,0,0
2025,08,342000,117,    ,40550 ,00000 , ,999,14720, , ,80435      ,4,8,0,Keystone town,0,0,0,0,0,0,0,0,0,0,0,0,0,0,0,0,0,0,0,0,0,0,0,0
2025,08,345000,061,    ,99990 ,00000 ,664 ,999,99999, , ,81036      ,4,8,12,Kiowa County Unincorporated Area,1,1,296519,3,6,1197477,0,0,0,0,0,0,1,1,296519,3,6,1197477,0,0,0,0,0,0
2025,08,347000,039,0715,40790 ,00000 ,826 ,216,19740, , ,80117      ,4,8,12,Kiowa town,0,0,0,0,0,0,0,0,0,0,0,0,0,0,0,0,0,0,0,0,0,0,0,0
2025,08,349000,063,    ,99990 ,00000 ,2233 ,999,99999, , ,808070249  ,4,8,0,Kit Carson County Unincorporated Area,2,2,763984,0,0,0,0,0,0,0,0,0,0,0,0,0,0,0,0,0,0,0,0,0
2025,08,351000,017,0720,41010 ,00000 ,229 ,999,99999, , ,80825      ,4,8,0,Kit Carson town,2,2,832469,0,0,0,0,0,0,0,0,0,0,0,0,0,0,0,0,0,0,0,0,0
2025,08,355000,021,0740,42055 ,00000 ,805 ,999,10480, , ,81140      ,4,8,12,La Jara town,2,2,500000,0,0,0,0,0,0,0,0,0,2,2,500000,0,0,0,0,0,0,0,0,0
2025,08,357000,089,0745,42110 ,00000 ,6854 ,999,99999, , ,81050      ,4,8,12,La Junta,1,1,120000,0,0,0,0,0,0,0,0,0,1,1,120000,0,0,0,0,0,0,0,0,0
2025,08,359000,067,    ,99990 ,00000 ,33325 ,999,20420, , ,81301      ,4,8,12,La Plata County Unincorporated Area,142,142,89114695,0,0,0,0,0,0,0,0,0,142,142,89114695,0,0,0,0,0,0,0,0,0
2025,08,361000,123,0775,43605 ,00000 ,2466 ,216,24540, , ,80645      ,4,8,12,La Salle town,0,0,0,0,0,0,0,0,0,0,0,0,0,0,0,0,0,0,0,0,0,0,0,0
2025,08,363000,055,0785,44100 ,00000 ,809 ,999,99999, , ,81055      ,4,8,12,La Veta town,1,1,340000,0,0,0,0,0,0,0,0,0,1,1,340000,0,0,0,0,0,0,0,0,0
2025,08,365000,013,0735,41835 ,00000 ,28579 ,216,14500, , ,80026      ,4,8,12,Lafayette,15,15,9406419,0,0,0,0,0,0,0,0,0,15,15,9406419,0,0,0,0,0,0,0,0,0
2025,08,369000,065,    ,99990 ,00000 ,5214 ,999,14720, , ,80461      ,4,8,0,Lake County,46,46,9827026,0,0,0,0,0,0,0,0,0,0,0,0,0,0,0,0,0,0,0,0,0
2025,08,373000,059,0760,43000 ,00000 ,157429 ,216,19740, , ,80226      ,4,8,12,Lakewood,54,54,23905332,0,0,0,0,0,0,0,0,0,54,54,23905332,0,0,0,0,0,0,0,0,0
2025,08,375000,099,0765,43110 ,00000 ,7641 ,999,99999, , ,81052      ,4,8,12,Lamar,3,3,706178,0,0,0,0,0,0,0,0,0,3,3,706178,0,0,0,0,0,0,0,0,0
2025,08,377000,069,    ,99990 ,00000 ,70438 ,999,22660, , ,805221190  ,4,8,12,Larimer County Unincorporated Area,64,64,25221623,1,2,312322,0,0,0,0,0,0,64,64,25221623,1,2,312322,0,0,0,0,0,0
2025,08,381000,011,0780,43660 ,00000 ,2128 ,999,99999, , ,81054      ,4,8,12,Las Animas,1,1,246300,0,0,0,0,0,0,0,0,0,1,1,246300,0,0,0,0,0,0,0,0,0
2025,08,383000,071,    ,99990 ,00000 ,5496 ,999,99999,2, ,81082      ,4,8,12,Las Animas County Unincorporated Area,16,16,4032711,0,0,0,0,0,0,0,0,0,16,16,4032711,0,0,0,0,0,0,0,0,0
2025,08,387000,073,0800,44980 ,00000 ,1945 ,999,99999, , ,80828      ,4,8,12,Limon town,3,3,969664,0,0,0,0,0,0,0,0,0,3,3,969664,0,0,0,0,0,0,0,0,0
2025,08,389000,073,    ,99990 ,00000 ,2600 ,999,99999, , ,80821      ,4,8,12,Lincoln County Unincorporated Area,6,6,1779112,0,0,0,0,0,0,0,0,0,6,6,1779112,0,0,0,0,0,0,0,0,0
2025,08,391000,005,0810,45255 ,00000 ,43206 ,216,19740,2, ,80120      ,4,8,12,Littleton,68,68,32803708,0,0,0,5,15,2337191,24,1003,193349162,68,68,32803708,0,0,0,5,15,2337191,24,1003,193349162
2025,08,395000,123,0813,45530 ,00000 ,7883 ,216,24540,2, ,80603      ,4,8,12,Lochbuie town,77,77,29796474,0,0,0,0,0,0,0,0,0,77,77,29796474,0,0,0,0,0,0,0,0,0
2025,08,397000,087,0815,45695 ,00000 ,848 ,999,22820, , ,807054858  ,4,8,12,Log Lane Village town,1,1,42310,0,0,0,0,0,0,0,0,0,1,1,42310,0,0,0,0,0,0,0,0,0
2025,08,399000,075,    ,99990 ,00000 ,6591 ,999,44540, , ,80751      ,4,8,12,Logan County Unincorporated Area,4,4,5421223,0,0,0,0,0,0,0,0,0,4,4,5421223,0,0,0,0,0,0,0,0,0
2025,08,399500,035,0817,45955 ,00000 ,13614 ,216,19740, , ,80124      ,4,8,12,Lone Tree,193,193,80730628,0,0,0,0,0,0,4,40,3051420,193,193,80730628,0,0,0,0,0,0,4,40,3051420
2025,08,401000,013,0820,45970 ,00000 ,97793 ,216,14500,2, ,80501      ,4,8,9,Longmont,201,201,75305170,9,18,5312177,3,11,1725489,33,970,170297783,155,155,57121416,7,14,4484973,2,8,647452,26,719,122649337
2025,08,403000,013,0825,46355 ,00000 ,19060 ,216,14500, , ,80027      ,4,8,12,Louisville,43,43,36321002,0,0,0,0,0,0,0,0,0,43,43,36321002,0,0,0,0,0,0,0,0,0
2025,08,405000,069,2640,46465 ,00000 ,83517 ,999,22660, ,1,80537      ,4,8,11,Loveland,262,262,90926437,1,2,270000,5,20,3735336,8,82,19031135,240,240,81938893,1,2,270000,5,20,3735336,7,77,17739225
2025,08,407000,013,0835,47070 ,00000 ,2058 ,216,14500, , ,80540      ,4,8,12,Lyons town,2,2,929820,0,0,0,0,0,0,0,0,0,2,2,929820,0,0,0,0,0,0,0,0,0
2025,08,411000,083,0845,48115 ,00000 ,1398 ,999,99999, , ,81328      ,4,8,0,Mancos town,5,5,1022800,0,0,0,0,0,0,0,0,0,0,0,0,0,0,0,0,0,0,0,0,0
2025,08,415000,089,0855,48500 ,00000 ,410 ,999,99999,2, ,81068      ,4,8,12,Manzanola town,0,0,0,0,0,0,0,0,0,0,0,0,0,0,0,0,0,0,0,0,0,0,0,0
2025,08,417000,051,0860,48555 ,00000 ,140 ,999,99999, , ,81623      ,4,8,0,Marble town,0,0,0,0,0,0,0,0,0,0,0,0,0,0,0,0,0,0,0,0,0,0,0,0
2025,08,419000,123,0865,49600 ,00000 ,5003 ,216,24540, , ,80542      ,4,8,12,Mead town,88,88,40905674,0,0,0,0,0,0,0,0,0,88,88,40905674,0,0,0,0,0,0,0,0,0
2025,08,421000,103,0875,49875 ,00000 ,2318 ,999,99999, , ,81641      ,4,8,12,Meeker town,3,3,889556,0,0,0,0,0,0,0,0,0,3,3,889556,0,0,0,0,0,0,0,0,0
2025,08,423000,075,0880,50040 ,00000 ,281 ,999,44540, , ,80741      ,4,8,12,Merino town,0,0,0,0,0,0,0,0,0,0,0,0,0,0,0,0,0,0,0,0,0,0,0,0
2025,08,425000,077,    ,00000 ,00000 ,73791 ,999,24300,2, ,815025001  ,4,8,12,Mesa County Unincorporated Area,594,594,92817941,0,0,0,0,0,0,3,75,3701603,594,594,92817941,0,0,0,0,0,0,3,75,3701603
2025,08,427000,123,0885,50480 ,00000 ,8688 ,216,24540, , ,80543      ,4,8,12,Milliken town,8,8,2638564,0,0,0,0,0,0,0,0,0,8,8,2638564,0,0,0,0,0,0,0,0,0
2025,08,429000,079,    ,99990 ,00000 ,458 ,999,99999, , ,81130      ,4,8,0,Mineral County Unincorporated Area,6,6,2481302,0,0,0,0,0,0,0,0,0,0,0,0,0,0,0,0,0,0,0,0,0
2025,08,431000,037,0890,50920 ,00000 ,1147 ,233,20780, , ,816450309  ,4,8,0,Minturn town,11,11,10214286,1,2,384127,1,4,858638,0,0,0,0,0,0,0,0,0,0,0,0,0,0,0
2025,08,433000,081,    ,99990 ,00000 ,3857 ,999,44460, , ,81625      ,4,8,12,Moffat County Unincorporated Area,13,13,5360000,0,0,0,0,0,0,0,0,0,13,13,5360000,0,0,0,0,0,0,0,0,0
2025,08,435000,109,0895,51250 ,00000 ,123 ,999,99999, , ,81143      ,4,8,0,Moffat town,0,0,0,0,0,0,0,0,0,0,0,0,0,0,0,0,0,0,0,0,0,0,0,0
2025,08,443000,085,0910,51745 ,00000 ,19902 ,999,33940, ,2,81402      ,4,8,12,Montrose,93,93,14912565,6,12,1853120,0,0,0,2,60,12500000,93,93,14912565,6,12,1853120,0,0,0,2,60,12500000
2025,08,445000,085,    ,99990 ,00000 ,20382 ,999,33940, , ,81401      ,4,8,12,Montrose County Unincorporated Area,112,112,20477915,0,0,0,0,0,0,0,0,0,112,112,20477915,0,0,0,0,0,0,0,0,0
2025,08,449000,087,    ,99990 ,00000 ,9996 ,999,22820, , ,80701      ,4,8,12,Morgan County Unincorporated Area,34,34,11179458,0,0,0,0,0,0,0,0,0,34,34,11179458,0,0,0,0,0,0,0,0,0
2025,08,451000,059,0920,52075 ,00000 ,430 ,216,19740, , ,804653001  ,4,8,0,Morrison town,0,0,0,0,0,0,0,0,0,0,0,0,0,0,0,0,0,0,0,0,0,0,0,0
2025,08,453000,051,0928,52570 ,00000 ,893 ,999,99999, , ,81225      ,4,8,12,Mount Crested Butte town,4,4,11234142,0,0,0,0,0,0,0,0,0,4,4,11234142,0,0,0,0,0,0,0,0,0
2025,08,455000,059,0925,52350 ,00000 ,549 ,216,19740, , ,80212      ,4,8,12,Mountain View town,22,22,7244283,4,8,1506358,2,6,1239017,0,0,0,22,22,7244283,4,8,1506358,2,6,1239017,0,0,0
2025,08,456000,113,0926,52550 ,00000 ,1470 ,999,99999, , ,81435      ,4,8,12,Mountain Village town,7,7,36493786,0,0,0,0,0,0,0,0,0,7,7,36493786,0,0,0,0,0,0,0,0,0
2025,08,457000,085,0930,53120 ,00000 ,526 ,999,33940, , ,81422      ,4,8,12,Naturita town,1,1,296519,0,0,0,0,0,0,0,0,0,1,1,296519,0,0,0,0,0,0,0,0,0
2025,08,459000,013,0935,53175 ,00000 ,1557 ,216,14500, , ,80466      ,4,8,0,Nederland town,9,9,2533311,2,4,665266,0,0,0,0,0,0,0,0,0,0,0,0,0,0,0,0,0,0
2025,08,461000,045,0940,53395 ,00000 ,4962 ,233,40090, , ,81647      ,4,8,12,New Castle town,19,19,6256426,0,0,0,0,0,0,0,0,0,19,19,6256426,0,0,0,0,0,0,0,0,0
2025,08,463000,001,0943,54330 ,00000 ,38823 ,216,19740,2, ,80233      ,4,8,12,Northglenn,0,0,0,0,0,0,0,0,0,0,0,0,0,0,0,0,0,0,0,0,0,0,0,0
2025,08,469000,085,0955,54935 ,00000 ,688 ,999,33940, , ,81424      ,4,8,12,Nucla town,0,0,0,0,0,0,0,0,0,0,0,0,0,0,0,0,0,0,0,0,0,0,0,0
2025,08,471000,123,0960,55045 ,00000 ,497 ,216,24540, , ,806480171  ,4,8,12,Nunn town,1,1,186151,0,0,0,0,0,0,0,0,0,1,1,186151,0,0,0,0,0,0,0,0,0
2025,08,475000,085,0970,55540 ,00000 ,1824 ,999,33940, , ,81425      ,4,8,12,Olathe town,1,1,285000,0,0,0,0,0,0,0,0,0,1,1,285000,0,0,0,0,0,0,0,0,0
2025,08,477000,025,0975,55705 ,00000 ,325 ,999,99999, , ,810620156  ,4,8,12,Olney Springs town,0,0,0,0,0,0,0,0,0,0,0,0,0,0,0,0,0,0,0,0,0,0,0,0
2025,08,479000,113,0980,55870 ,00000 ,190 ,999,99999, , ,81426      ,4,8,12,Ophir town,1,1,296519,0,0,0,0,0,0,0,0,0,1,1,296519,0,0,0,0,0,0,0,0,0
2025,08,481000,029,0985,55980 ,00000 ,3242 ,999,99999, , ,814108258  ,4,8,0,Orchard City town,15,15,1999057,0,0,0,0,0,0,0,0,0,0,0,0,0,0,0,0,0,0,0,0,0
2025,08,483000,025,0995,56145 ,00000 ,1013 ,999,99999, , ,81063      ,4,8,12,Ordway town,0,0,0,0,0,0,0,0,0,0,0,0,0,0,0,0,0,0,0,0,0,0,0,0
2025,08,485000,089,    ,99990 ,00000 ,5142 ,999,99999,2, ,81050      ,4,8,12,Otero County Unincorporated Area,6,6,1588000,0,0,0,0,0,0,0,0,0,6,6,1588000,0,0,0,0,0,0,0,0,0
2025,08,487000,121,1000,56365 ,00000 ,484 ,999,99999, , ,807430095  ,4,8,12,Otis town,0,0,0,2,4,798318,0,0,0,0,0,0,0,0,0,2,4,798318,0,0,0,0,0,0
2025,08,489000,091,1005,56420 ,00000 ,1046 ,999,99999, , ,81427      ,4,8,1,Ouray,21,21,3596070,0,0,0,0,0,0,0,0,0,0,0,0,0,0,0,0,0,0,0,0,0
2025,08,491000,091,    ,99990 ,00000 ,2916 ,999,99999, , ,814320028  ,4,8,12,Ouray County Unincorporated Area,43,43,51547505,0,0,0,0,0,0,0,0,0,43,43,51547505,0,0,0,0,0,0,0,0,0
2025,08,493000,115,1010,56475 ,00000 ,302 ,999,99999, , ,80744      ,4,8,12,Ovid town,0,0,0,0,0,0,0,0,0,0,0,0,0,0,0,0,0,0,0,0,0,0,0,0
2025,08,495000,007,1015,56860 ,00000 ,2132 ,999,99999, , ,811471859  ,4,8,10,Pagosa Springs town,11,11,3690739,0,0,0,0,0,0,0,0,0,6,6,2818271,0,0,0,0,0,0,0,0,0
2025,08,501000,095,1030,57245 ,00000 ,35 ,999,99999, , ,80746      ,4,8,0,Paoli town,0,0,0,0,0,0,0,0,0,0,0,0,0,0,0,0,0,0,0,0,0,0,0,0
2025,08,503000,029,1035,57300 ,00000 ,1474 ,999,99999, , ,81428      ,4,8,12,Paonia town,1,1,310000,0,0,0,0,0,0,0,0,0,1,1,310000,0,0,0,0,0,0,0,0,0
2025,08,505000,045,1037,57400 ,00000 ,1114 ,233,40090, , ,81632      ,4,8,12,Parachute town,1,1,329286,0,0,0,0,0,0,2,68,11659818,1,1,329286,0,0,0,0,0,0,2,68,11659818
2025,08,507000,093,    ,99990 ,00000 ,17823 ,216,19740, , ,80440      ,4,8,12,Park County Unincorporated Area,146,146,56434507,0,0,0,0,0,0,0,0,0,146,146,56434507,0,0,0,0,0,0,0,0,0
2025,08,509000,035,1039,57630 ,00000 ,58673 ,216,19740, , ,80134      ,4,8,12,Parker town,296,296,140786387,0,0,0,0,0,0,18,813,169386343,296,296,140786387,0,0,0,0,0,0,18,813,169386343
2025,08,511000,075,1040,58235 ,00000 ,237 ,999,44540, , ,807470007  ,4,8,12,Peetz town,0,0,0,0,0,0,0,0,0,0,0,0,0,0,0,0,0,0,0,0,0,0,0,0
2025,08,513000,095,    ,99990 ,00000 ,1156 ,999,99999, , ,80734      ,4,8,12,Phillips County Unincorporated Area,4,4,1081698,0,0,0,0,0,0,0,0,0,4,4,1081698,0,0,0,0,0,0,0,0,0
2025,08,515000,123,1045,59005 ,00000 ,938 ,216,24540, , ,80650      ,4,8,12,Pierce town,0,0,0,0,0,0,0,0,0,0,0,0,0,0,0,0,0,0,0,0,0,0,0,0
2025,08,517000,097,    ,99990 ,00000 ,6474 ,233,40090, , ,81611      ,4,8,12,Pitkin County Unincorporated Area,22,22,220036840,0,0,0,0,0,0,0,0,0,22,22,220036840,0,0,0,0,0,0,0,0,0
2025,08,519000,051,1050,59830 ,00000 ,70 ,999,99999, , ,81241      ,4,8,12,Pitkin town,2,2,593037,0,0,0,0,0,0,0,0,0,2,2,593037,0,0,0,0,0,0,0,0,0
2025,08,521000,123,1055,60160 ,00000 ,3000 ,216,24540, , ,806517503  ,4,8,12,Platteville town,0,0,0,0,0,0,0,0,0,0,0,0,0,0,0,0,0,0,0,0,0,0,0,0
2025,08,529000,099,    ,99990 ,00000 ,2710 ,999,99999, , ,81052      ,4,8,12,Prowers County Unincorporated Area,3,3,889556,0,0,0,0,0,0,0,0,0,3,3,889556,0,0,0,0,0,0,0,0,0
2025,08,533000,101,    ,99990 ,00000 ,56446 ,444,39380,2, ,81003      ,4,8,12,Pueblo County Unincorporated Area,226,226,39395026,0,0,0,0,0,0,0,0,0,226,226,39395026,0,0,0,0,0,0,0,0,0
2025,08,535000,041,1090,62660 ,00000 ,131 ,999,17820, , ,808320129  ,4,8,12,Ramah town,0,0,0,0,0,0,0,0,0,0,0,0,0,0,0,0,0,0,0,0,0,0,0,0
2025,08,537000,103,1095,62880 ,00000 ,2300 ,999,99999, , ,816483048  ,4,8,0,Rangely town,0,0,0,0,0,0,0,0,0,0,0,0,0,0,0,0,0,0,0,0,0,0,0,0
2025,08,541000,037,1110,63265 ,00000 ,300 ,233,20780, , ,816490040  ,4,8,12,Red Cliff town,1,1,666450,0,0,0,0,0,0,0,0,0,1,1,666450,0,0,0,0,0,0,0,0,0
2025,08,543000,033,1115,64090 ,00000 ,262 ,999,99999, , ,81332      ,4,8,12,Rico town,0,0,0,0,0,0,0,0,0,0,0,0,0,0,0,0,0,0,0,0,0,0,0,0
2025,08,545000,091,1120,64200 ,00000 ,1039 ,999,99999, , ,814320010  ,4,8,12,Ridgway town,12,12,6809318,0,0,0,0,0,0,0,0,0,12,12,6809318,0,0,0,0,0,0,0,0,0
2025,08,547000,045,1125,64255 ,00000 ,9775 ,233,40090, ,2,816501908  ,4,8,12,Rifle,56,56,18439993,0,0,0,0,0,0,0,0,0,56,56,18439993,0,0,0,0,0,0,0,0,0
2025,08,549000,103,    ,99990 ,00000 ,1724 ,999,99999, , ,816410599  ,4,8,12,Rio Blanco County Unincorporated Area,12,12,19400000,0,0,0,0,0,0,0,0,0,12,12,19400000,0,0,0,0,0,0,0,0,0
2025,08,551000,105,    ,99990 ,00000 ,5066 ,999,99999,2, ,81132      ,4,8,12,Rio Grande County Unincorporated Area,34,34,12074836,4,8,557000,0,0,0,0,0,0,34,34,12074836,4,8,557000,0,0,0,0,0,0
2025,08,553000,043,1130,64970 ,00000 ,504 ,444,15860, , ,812440091  ,4,8,12,Rockvale town,2,2,381900,0,0,0,0,0,0,0,0,0,2,2,381900,0,0,0,0,0,0,0,0,0
2025,08,555000,089,1135,65190 ,00000 ,3806 ,999,99999,2, ,810671702  ,4,8,12,Rocky Ford,1,1,32000,0,0,0,0,0,0,0,0,0,1,1,32000,0,0,0,0,0,0,0,0,0
2025,08,559000,107,    ,99990 ,00000 ,8992 ,999,44460, , ,80487      ,4,8,12,Routt County,196,196,291811809,0,0,0,1,3,5800000,3,19,7543947,196,196,291811809,0,0,0,1,3,5800000,3,19,7543947
2025,08,563000,109,    ,99990 ,00000 ,3937 ,999,99999, , ,81149      ,4,8,12,Saguache County Unincorporated Area,67,67,16613000,0,0,0,0,0,0,0,0,0,67,67,16613000,0,0,0,0,0,0,0,0,0
2025,08,565000,109,1155,67005 ,00000 ,531 ,999,99999, , ,811490417  ,4,8,0,Saguache town,0,0,0,0,0,0,0,0,0,0,0,0,0,0,0,0,0,0,0,0,0,0,0,0
2025,08,569000,111,    ,99990 ,00000 ,69 ,999,99999, , ,81433      ,4,8,0,San Juan County Unincorporated Area,4,4,2365200,1,2,419012,1,4,597156,0,0,0,0,0,0,0,0,0,0,0,0,0,0,0
2025,08,571000,023,1169,68105 ,00000 ,692 ,999,10480, , ,811520659  ,4,8,12,San Luis town,0,0,0,0,0,0,0,0,0,0,0,0,0,0,0,0,0,0,0,0,0,0,0,0
2025,08,573000,113,    ,99990 ,00000 ,3393 ,999,99999,2, ,81435      ,4,8,1,San Miguel County Unincorporated Area,23,23,43996559,0,0,0,0,0,0,0,0,0,5,5,9557193,0,0,0,0,0,0,0,0,0
2025,08,577000,113,1175,68655 ,00000 ,38 ,999,99999, , ,814300248  ,4,8,12,Sawpit town,0,0,0,0,0,0,0,0,0,0,0,0,0,0,0,0,0,0,0,0,0,0,0,0
2025,08,579000,115,    ,99990 ,00000 ,660 ,999,99999, , ,80737      ,4,8,12,Sedgwick County Unincorporated Area,0,0,0,0,0,0,0,0,0,0,0,0,0,0,0,0,0,0,0,0,0,0,0,0
2025,08,581000,115,1185,68930 ,00000 ,137 ,999,99999, , ,80749      ,4,8,12,Sedgwick town,0,0,0,0,0,0,0,0,0,0,0,0,0,0,0,0,0,0,0,0,0,0,0,0
2025,08,583000,063,1190,69040 ,00000 ,214 ,999,99999, , ,80834      ,4,8,12,Seibert town,0,0,0,0,0,0,0,0,0,0,0,0,0,0,0,0,0,0,0,0,0,0,0,0
2025,08,585000,123,1195,69150 ,00000 ,7634 ,216,24540, , ,80546      ,4,8,12,Severance town,82,82,30206140,0,0,0,0,0,0,0,0,0,82,82,30206140,0,0,0,0,0,0,0,0,0
2025,08,587000,005,1200,69645 ,00000 ,6027 ,216,19740, , ,80110      ,4,8,12,Sheridan,1,1,585000,1,2,500000,0,0,0,0,0,0,1,1,585000,1,2,500000,0,0,0,0,0,0
2025,08,591000,045,1210,70195 ,00000 ,3109 ,233,40090, , ,81652      ,4,8,12,Silt town,2,2,762000,0,0,0,0,0,0,0,0,0,2,2,762000,0,0,0,0,0,0,0,0,0
2025,08,593000,027,1215,70250 ,00000 ,741 ,999,99999, , ,81252      ,4,8,12,Silver Cliff town,5,5,1449600,0,0,0,0,0,0,0,0,0,5,5,1449600,0,0,0,0,0,0,0,0,0
2025,08,595000,019,1220,70360 ,00000 ,175 ,216,19740, , ,80476      ,4,8,12,Silver Plume town,0,0,0,0,0,0,0,0,0,0,0,0,0,0,0,0,0,0,0,0,0,0,0,0
2025,08,597000,117,1222,70525 ,00000 ,4906 ,999,14720, , ,80498      ,4,8,12,Silverthorne town,5,5,10301674,0,0,0,0,0,0,4,72,10014665,5,5,10301674,0,0,0,0,0,0,4,72,10014665
2025,08,599000,111,1225,70580 ,00000 ,679 ,999,99999, , ,814330250  ,4,8,0,Silverton town,9,9,2373750,1,2,700000,0,0,0,0,0,0,0,0,0,0,0,0,0,0,0,0,0,0
2025,08,601000,039,1230,70635 ,00000 ,690 ,216,19740, , ,80835      ,4,8,12,Simla town,2,2,370000,0,0,0,0,0,0,0,0,0,2,2,370000,0,0,0,0,0,0,0,0,0
2025,08,603000,097,1236,71755 ,00000 ,2760 ,233,40090, , ,81615      ,4,8,12,Snowmass Village town,6,6,25741625,0,0,0,0,0,0,0,0,0,6,6,25741625,0,0,0,0,0,0,0,0,0
2025,08,605000,009,1240,73330 ,00000 ,1364 ,999,99999, , ,81073      ,4,8,12,Springfield town,2,2,535000,0,0,0,0,0,0,0,0,0,2,2,535000,0,0,0,0,0,0,0,0,0
2025,08,611000,075,1255,73935 ,00000 ,14078 ,999,44540, ,2,807510400  ,4,8,12,Sterling,0,0,0,0,0,0,0,0,0,0,0,0,0,0,0,0,0,0,0,0,0,0,0,0
2025,08,613000,063,1260,74485 ,00000 ,640 ,999,99999, , ,80836      ,4,8,12,Stratton town,0,0,0,0,0,0,0,0,0,0,0,0,0,0,0,0,0,0,0,0,0,0,0,0
2025,08,615000,025,1265,74815 ,00000 ,244 ,999,99999, , ,810760060  ,4,8,0,Sugar City town,0,0,0,0,0,0,0,0,0,0,0,0,0,0,0,0,0,0,0,0,0,0,0,0
2025,08,617000,117,    ,99990 ,00000 ,15927 ,999,14720,2, ,804435660  ,4,8,1,Summit County Unincorporated Area,54,54,25710419,0,0,0,1,3,728938,10,54,12121055,4,4,1321832,0,0,0,0,0,0,0,0,0
2025,08,619000,013,1270,75640 ,00000 ,13413 ,216,14500,2, ,80027      ,4,8,12,Superior town,72,72,35007912,0,0,0,1,4,1420608,3,261,82734085,72,72,35007912,0,0,0,1,4,1420608,3,261,82734085
2025,08,623000,089,1275,75970 ,00000 ,595 ,999,99999,2, ,81077      ,4,8,12,Swink town,0,0,0,0,0,0,0,0,0,0,0,0,0,0,0,0,0,0,0,0,0,0,0,0
2025,08,625000,119,    ,99990 ,00000 ,15655 ,999,17820,2, ,80863      ,4,8,0,Teller County Unincorporated Area,83,83,22079137,0,0,0,0,0,0,0,0,0,0,0,0,0,0,0,0,0,0,0,0,0
2025,08,627000,113,1280,76795 ,00000 ,2416 ,999,99999, , ,81435      ,4,8,12,Telluride town,20,20,55550042,0,0,0,0,0,0,0,0,0,20,20,55550042,0,0,0,0,0,0,0,0,0
2025,08,629000,001,1285,77290 ,00000 ,148113 ,216,19740,2, ,80229      ,4,8,12,Thornton,263,263,86602111,66,132,24854901,0,0,0,0,0,0,263,263,86602111,66,132,24854901,0,0,0,0,0,0
2025,08,631000,069,1290,77510 ,00000 ,3172 ,999,22660,2, ,80547      ,4,8,12,Timnath town,186,186,63891718,0,0,0,0,0,0,18,328,57020446,186,186,63891718,0,0,0,0,0,0,18,328,57020446
2025,08,633000,071,1295,78610 ,00000 ,8127 ,999,99999, , ,81082      ,4,8,12,Trinidad,14,14,3505800,0,0,0,0,0,0,0,0,0,14,14,3505800,0,0,0,0,0,0,0,0,0
2025,08,637000,037,1307,80040 ,00000 ,5489 ,233,20780, , ,81657      ,4,8,1,Vail town,9,9,30372230,0,0,0,0,0,0,0,0,0,4,4,15273000,0,0,0,0,0,0,0,0,0
2025,08,639000,119,1310,80865 ,00000 ,426 ,999,17820, , ,80860      ,4,8,12,Victor,0,0,0,0,0,0,0,0,0,0,0,0,0,0,0,0,0,0,0,0,0,0,0,0
2025,08,645000,057,1325,82130 ,00000 ,609 ,999,99999, , ,80480      ,4,8,12,Walden town,0,0,0,0,0,0,0,0,0,0,0,0,0,0,0,0,0,0,0,0,0,0,0,0
2025,08,647000,055,1330,82350 ,00000 ,3003 ,999,99999, , ,81089      ,4,8,12,Walsenburg,3,3,610000,0,0,0,0,0,0,0,0,0,3,3,610000,0,0,0,0,0,0,0,0,0
2025,08,649000,009,1335,82460 ,00000 ,513 ,999,99999, , ,810900280  ,4,8,12,Walsh town,0,0,0,0,0,0,0,0,0,0,0,0,0,0,0,0,0,0,0,0,0,0,0,0
2025,08,651000,013,1340,82735 ,00000 ,168 ,216,14500, , ,80481      ,4,8,0,Ward town,0,0,0,0,0,0,0,0,0,0,0,0,0,0,0,0,0,0,0,0,0,0,0,0
2025,08,653000,121,    ,99990 ,00000 ,2709 ,999,99999, , ,80720      ,4,8,12,Washington County Unincorporated Area,3,3,825042,0,0,0,0,0,0,0,0,0,3,3,825042,0,0,0,0,0,0,0,0,0
2025,08,655000,123,    ,99990 ,00000 ,54551 ,216,24540, , ,80631      ,4,8,12,Weld County Unincorporated Area,109,109,33993047,0,0,0,0,0,0,0,0,0,109,109,33993047,0,0,0,0,0,0,0,0,0
2025,08,657000,069,1345,83230 ,00000 ,9620 ,999,22660, , ,80549      ,4,8,12,Wellington town,28,28,7218489,0,0,0,0,0,0,0,0,0,28,28,7218489,0,0,0,0,0,0,0,0,0
2025,08,659000,027,1350,83450 ,00000 ,692 ,999,99999, , ,81252      ,4,8,12,Westcliffe town,5,5,1250000,0,0,0,0,0,0,0,0,0,5,5,1250000,0,0,0,0,0,0,0,0,0
2025,08,661000,001,1355,83835 ,00000 ,69802 ,216,19740,2, ,80031      ,4,8,12,Westminster,171,171,55803173,0,0,0,0,0,0,0,0,0,171,171,55803173,0,0,0,0,0,0,0,0,0
2025,08,665000,059,1360,84440 ,00000 ,31857 ,216,19740, , ,800338001  ,4,8,0,Wheat Ridge,68,68,18313773,1,2,442400,0,0,0,11,88,14608529,0,0,0,0,0,0,0,0,0,0,0,0
2025,08,667000,087,1363,84770 ,00000 ,1152 ,999,22820, , ,806548933  ,4,8,12,Wiggins town,1,1,346449,0,0,0,0,0,0,0,0,0,1,1,346449,0,0,0,0,0,0,0,0,0
2025,08,671000,043,1370,85155 ,00000 ,682 ,444,15860, , ,81226      ,4,8,12,Williamsburg town,2,2,365700,0,0,0,0,0,0,0,0,0,2,2,365700,0,0,0,0,0,0,0,0,0
2025,08,673000,123,4560,85485 ,00000 ,21374 ,216,24540,2, ,80550      ,4,8,12,Windsor town,375,375,169955602,0,0,0,0,0,0,52,435,62294753,375,375,169955602,0,0,0,0,0,0,52,435,62294753
2025,08,675000,049,1377,85705 ,00000 ,1106 ,999,99999,2, ,80482      ,4,8,0,Winter Park town,98,98,33190766,0,0,0,0,0,0,3,15,2230653,0,0,0,0,0,0,0,0,0,0,0,0
2025,08,677000,119,1380,86090 ,00000 ,8151 ,999,17820, , ,80866      ,4,8,12,Woodland Park,15,15,9439896,0,0,0,0,0,0,0,0,0,15,15,9439896,0,0,0,0,0,0,0,0,0
2025,08,679000,125,1385,86310 ,00000 ,2353 ,999,99999, , ,80758      ,4,8,12,Wray,2,2,593037,0,0,0,0,0,0,0,0,0,2,2,593037,0,0,0,0,0,0,0,0,0
2025,08,683000,125,1395,86750 ,00000 ,3497 ,999,99999, , ,80759      ,4,8,12,Yuma,0,0,0,1,2,124000,0,0,0,0,0,0,0,0,0,1,2,124000,0,0,0,0,0,0
