Survey,State,6-Digit,County,Census Place,FIPS Place,FIPS MCD,Pop,CSA,CBSA,Footnote,Central,Zip,Region,Division,Number of,Place,,1-unit,,,2-units,,,3-4 units,,,5+ units,,,1-unit rep,,,2-units rep,,,3-4 units rep,,,5+ units rep
Date,Code,ID,Code,Code,Code,Code,  ,Code,Code,Code,City,Code,Code,Code,Months Rep,Name,Bldgs,Units,Value,Bldgs,Units,Value,Bldgs,Units,Value,Bldgs,Units,Value,Bldgs,Units,Value,Bldgs,Units,Value,Bldgs,Units,Value,Bldgs,Units,Value
2021,08,001000,001,    ,99990 ,00000 ,88292 ,216,19740, , ,80601      ,4,8,12,Adams County Unincorporated Area,383,383,90796238,0,0,0,0,0,0,2,11,2700000,383,383,90796238,0,0,0,0,0,0,2,11,2700000
2021,08,003000,071,0005,00760 ,00000 ,538 ,999,99999, , ,81020      ,4,8,12,Aguilar town,0,0,0,0,0,0,0,0,0,0,0,0,0,0,0,0,0,0,0,0,0,0,0,0
2021,08,005000,121,0010,00925 ,00000 ,1702 ,999,99999, , ,80720      ,4,8,0,Akron town,1,1,230000,0,0,0,0,0,0,0,0,0,0,0,0,0,0,0,0,0,0,0,0,0
2021,08,007000,003,0015,01090 ,00000 ,8780 ,999,99999, , ,81101      ,4,8,12,Alamosa,19,19,4718217,0,0,0,1,4,949368,4,41,7050000,19,19,4718217,0,0,0,1,4,949368,4,41,7050000
2021,08,009000,003,    ,99990 ,00000 ,6562 ,999,99999, , ,81101      ,4,8,12,Alamosa County Unincorporated Area,45,45,8266283,0,0,0,0,0,0,0,0,0,45,45,8266283,0,0,0,0,0,0,0,0,0
2021,08,011000,093,0020,01530 ,00000 ,270 ,216,19740, , ,80420      ,4,8,12,Alma town,6,6,1645210,0,0,0,0,0,0,0,0,0,6,6,1645210,0,0,0,0,0,0,0,0,0
2021,08,013000,021,0025,02355 ,00000 ,781 ,999,99999, , ,81120      ,4,8,0,Antonito town,0,0,0,0,0,0,0,0,0,0,0,0,0,0,0,0,0,0,0,0,0,0,0,0
2021,08,015000,005,    ,99990 ,00000 ,83764 ,216,19740, , ,80112      ,4,8,12,Arapahoe County Unincorporated Area,543,543,148567639,0,0,0,9,36,5549896,23,150,19709844,543,543,148567639,0,0,0,9,36,5549896,23,150,19709844
2021,08,017000,007,    ,99990 ,00000 ,10357 ,999,99999, , ,81147      ,4,8,0,Archuleta County Unincorporated Area,161,161,40938724,0,0,0,0,0,0,0,0,0,0,0,0,0,0,0,0,0,0,0,0,0
2021,08,023000,059,0040,03455 ,00000 ,103584 ,216,19740,2, ,80002      ,4,8,12,Arvada,373,373,102573113,0,0,0,0,0,0,0,0,0,373,373,102573113,0,0,0,0,0,0,0,0,0
2021,08,025000,097,0045,03620 ,00000 ,6658 ,999,99999, , ,81611      ,4,8,0,Aspen,10,10,43539168,0,0,0,0,0,0,1,16,5725710,0,0,0,0,0,0,0,0,0,0,0,0
2021,08,027000,123,0050,03950 ,00000 ,1519 ,216,24540, , ,80610      ,4,8,0,Ault town,32,32,5266550,0,0,0,1,4,1100380,1,14,2188176,0,0,0,0,0,0,0,0,0,0,0,0
2021,08,031000,005,0055,04000 ,00000 ,285090 ,216,19740,2,1,800121553  ,4,8,12,Aurora,2096,2096,507165693,0,0,0,0,0,0,40,2080,283723572,2096,2096,507165693,0,0,0,0,0,0,40,2080,283723572
2021,08,035000,037,0057,04110 ,00000 ,6447 ,999,99999, , ,816200975  ,4,8,12,Avon town,16,16,14655581,0,0,0,0,0,0,0,0,0,16,16,14655581,0,0,0,0,0,0,0,0,0
2021,08,039000,037,0060,04935 ,00000 ,2926 ,999,99999,2, ,81621      ,4,8,0,Basalt town,10,10,3596931,0,0,0,0,0,0,1,20,7428570,0,0,0,0,0,0,0,0,0,0,0,0
2021,08,043000,067,0065,05265 ,00000 ,2333 ,999,99999, , ,81122      ,4,8,12,Bayfield town,17,17,5225000,0,0,0,0,0,0,0,0,0,17,17,5225000,0,0,0,0,0,0,0,0,0
2021,08,045000,001,0075,06090 ,00000 ,1955 ,216,19740,2, ,801027806  ,4,8,12,Bennett town,148,148,43764917,1,2,653994,0,0,0,0,0,0,148,148,43764917,1,2,653994,0,0,0,0,0,0
2021,08,047000,011,    ,99990 ,00000 ,4089 ,999,99999, , ,81054      ,4,8,0,Bent County Unincorporated Area,6,6,669515,0,0,0,0,0,0,0,0,0,0,0,0,0,0,0,0,0,0,0,0,0
2021,08,049000,069,0080,06255 ,00000 ,5042 ,999,22660,2, ,80513      ,4,8,12,Berthoud town,509,509,192412928,0,0,0,0,0,0,0,0,0,509,509,192412928,0,0,0,0,0,0,0,0,0
2021,08,051000,063,0085,06530 ,00000 ,237 ,999,99999, , ,80805      ,4,8,12,Bethune town,0,0,0,0,0,0,0,0,0,0,0,0,0,0,0,0,0,0,0,0,0,0,0,0
2021,08,053000,047,0090,07025 ,00000 ,118 ,216,19740, , ,80422      ,4,8,12,Black Hawk,0,0,0,0,0,0,0,0,0,0,0,0,0,0,0,0,0,0,0,0,0,0,0,0
2021,08,055000,023,0095,07190 ,00000 ,385 ,999,99999, , ,81123      ,4,8,12,Blanca town,0,0,0,0,0,0,0,0,0,0,0,0,0,0,0,0,0,0,0,0,0,0,0,0
2021,08,057000,117,0097,07410 ,00000 ,849 ,999,99999, , ,80424      ,4,8,12,Blue River town,10,10,6177670,0,0,0,0,0,0,0,0,0,10,10,6177670,0,0,0,0,0,0,0,0,0
2021,08,063000,013,0110,07850 ,00000 ,97385 ,216,14500, ,1,803060791  ,4,8,12,Boulder,41,41,50072847,5,10,5611982,2,8,2273576,10,235,68280073,41,41,50072847,5,10,5611982,2,8,2273576,10,235,68280073
2021,08,065000,013,    ,99990 ,00000 ,43380 ,216,14500,2, ,80306      ,4,8,12,Boulder County Unincorporated Area,54,54,56487832,0,0,0,0,0,0,0,0,0,54,54,56487832,0,0,0,0,0,0,0,0,0
2021,08,067000,005,0115,08070 ,00000 ,589 ,216,19740,2, ,801231586  ,4,8,0,Bow Mar town,0,0,0,0,0,0,0,0,0,0,0,0,0,0,0,0,0,0,0,0,0,0,0,0
2021,08,073000,117,0125,08400 ,00000 ,4540 ,999,99999, , ,80424      ,4,8,12,Breckenridge town,28,28,52196680,0,0,0,1,3,2760000,3,80,18732590,28,28,52196680,0,0,0,1,3,2760000,3,80,18732590
2021,08,075000,001,0130,08675 ,00000 ,33009 ,216,19740,2, ,80601      ,4,8,12,Brighton,371,371,114051884,0,0,0,1,3,571717,0,0,0,371,371,114051884,0,0,0,1,3,571717,0,0,0
2021,08,079000,043,0140,09115 ,00000 ,233 ,999,99999, , ,81212      ,4,8,12,Brookside town,3,3,922562,0,0,0,0,0,0,0,0,0,3,3,922562,0,0,0,0,0,0,0,0,0
2021,08,083000,014,0143,09280 ,00000 ,55889 ,216,19740,2,1,80020      ,4,8,12,Broomfield,268,268,117647896,54,108,29422319,9,31,7034006,17,94,22893253,268,268,117647896,54,108,29422319,9,31,7034006,17,94,22893253
2021,08,089000,087,0150,09555 ,00000 ,5463 ,999,99999, , ,80723      ,4,8,0,Brush,3,3,395706,0,0,0,1,4,735000,0,0,0,0,0,0,0,0,0,0,0,0,0,0,0
2021,08,093000,063,0160,10600 ,00000 ,4254 ,999,99999, , ,80807      ,4,8,12,Burlington,0,0,0,0,0,0,0,0,0,0,0,0,0,0,0,0,0,0,0,0,0,0,0,0
2021,08,095000,041,0165,11260 ,00000 ,780 ,999,17820, , ,808088203  ,4,8,12,Calhan town,0,0,0,0,0,0,0,0,0,0,0,0,0,0,0,0,0,0,0,0,0,0,0,0
2021,08,099000,043,0610,11810 ,00000 ,16400 ,999,99999, , ,812151460  ,4,8,12,Canon City,49,49,14733477,0,0,0,0,0,0,0,0,0,49,49,14733477,0,0,0,0,0,0,0,0,0
2021,08,101000,045,0180,12045 ,00000 ,6427 ,999,99999, , ,81623      ,4,8,12,Carbondale town,21,21,13377653,7,14,5689368,0,0,0,3,94,15848933,21,21,13377653,7,14,5689368,0,0,0,3,94,15848933
2021,08,102900,035,0186,12387 ,00000 ,10360 ,216,19740, , ,80108      ,4,8,12,Castle Pines,585,585,166469650,9,18,2198817,0,0,0,4,92,14105107,585,585,166469650,9,18,2198817,0,0,0,4,92,14105107
2021,08,103000,035,0188,12415 ,00000 ,48231 ,216,19740, , ,80104      ,4,8,12,Castle Rock town,1154,1154,317706356,0,0,0,0,0,0,22,543,66068723,1154,1154,317706356,0,0,0,0,0,0,22,543,66068723
2021,08,105000,029,0190,12635 ,00000 ,2253 ,999,99999, , ,81413      ,4,8,12,Cedaredge town,26,26,5698561,0,0,0,0,0,0,0,0,0,26,26,5698561,0,0,0,0,0,0,0,0,0
2021,08,106000,005,0193,12815 ,00000 ,100377 ,216,19740, ,1,80112      ,4,8,12,Centennial,9,9,9274281,0,0,0,0,0,0,0,0,0,9,9,9274281,0,0,0,0,0,0,0,0,0
2021,08,109000,109,0195,12855 ,00000 ,2012 ,999,99999,2, ,81125      ,4,8,12,Center town,0,0,0,0,0,0,0,0,0,0,0,0,0,0,0,0,0,0,0,0,0,0,0,0
2021,08,111000,047,0200,12910 ,00000 ,663 ,216,19740,2, ,80427      ,4,8,0,Central City,0,0,0,0,0,0,0,0,0,0,0,0,0,0,0,0,0,0,0,0,0,0,0,0
2021,08,113000,015,    ,00000 ,00000 ,9219 ,999,99999, , ,81201      ,4,8,12,Chaffee County,347,347,89959360,1,2,271539,0,0,0,0,0,0,347,347,89959360,1,2,271539,0,0,0,0,0,0
2021,08,117000,005,0210,13845 ,00000 ,5987 ,216,19740, , ,80113      ,4,8,12,Cherry Hills Village,13,13,37845900,0,0,0,0,0,0,0,0,0,13,13,37845900,0,0,0,0,0,0,0,0,0
2021,08,119000,017,    ,99990 ,00000 ,757 ,999,99999, , ,808100567  ,4,8,0,Cheyenne County Unincorporated Area,11,11,1304511,0,0,0,0,0,0,0,0,0,0,0,0,0,0,0,0,0,0,0,0,0
2021,08,121000,017,0215,14175 ,00000 ,846 ,999,99999, , ,80810      ,4,8,0,Cheyenne Wells town,1,1,320000,0,0,0,0,0,0,0,0,0,0,0,0,0,0,0,0,0,0,0,0,0
2021,08,123000,019,    ,99990 ,00000 ,5885 ,216,19740,2, ,80444      ,4,8,12,Clear Creek County Unincorporated Area,21,21,8496451,0,0,0,0,0,0,0,0,0,21,21,8496451,0,0,0,0,0,0,0,0,0
2021,08,125000,043,0225,15330 ,00000 ,343 ,999,99999, , ,81221      ,4,8,12,Coal Creek town,1,1,91000,0,0,0,0,0,0,0,0,0,1,1,91000,0,0,0,0,0,0,0,0,0
2021,08,133000,005,0244,16385 ,00000 ,1256 ,216,19740, , ,80123      ,4,8,12,Columbine Valley town,43,43,53408793,0,0,0,0,0,0,0,0,0,43,43,53408793,0,0,0,0,0,0,0,0,0
2021,08,135000,001,0245,16495 ,00000 ,45913 ,216,19740, ,1,80022      ,4,8,12,Commerce City,999,999,256289631,126,252,37002780,0,0,0,10,451,63210269,999,999,256289631,126,252,37002780,0,0,0,10,451,63210269
2021,08,137000,021,    ,99990 ,00000 ,4383 ,999,99999, , ,81129      ,4,8,12,Conejos County Unincorporated Area,45,45,13838427,0,0,0,0,0,0,0,0,0,45,45,13838427,0,0,0,0,0,0,0,0,0
2021,08,139000,083,0250,17375 ,00000 ,8482 ,999,99999, , ,81321      ,4,8,12,Cortez,14,14,3716607,0,0,0,0,0,0,0,0,0,14,14,3716607,0,0,0,0,0,0,0,0,0
2021,08,141000,023,    ,99990 ,00000 ,2510 ,999,99999, , ,81152      ,4,8,0,Costilla County Unincorporated Area,0,0,0,0,0,0,0,0,0,0,0,0,0,0,0,0,0,0,0,0,0,0,0,0
2021,08,143000,081,0255,17760 ,00000 ,9464 ,999,99999, , ,81625      ,4,8,12,Craig,4,4,684500,0,0,0,0,0,0,0,0,0,4,4,684500,0,0,0,0,0,0,0,0,0
2021,08,145000,029,0260,17925 ,00000 ,431 ,999,99999, , ,81415      ,4,8,12,Crawford town,2,2,140000,0,0,0,0,0,0,0,0,0,2,2,140000,0,0,0,0,0,0,0,0,0
2021,08,147000,079,0796,14765 ,00000 ,290 ,999,99999, , ,81130      ,4,8,12,City of Creede town,0,0,0,0,0,0,0,0,0,0,0,0,0,0,0,0,0,0,0,0,0,0,0,0
2021,08,149000,051,0270,18310 ,00000 ,1487 ,999,99999, , ,81224      ,4,8,12,Crested Butte town,7,7,6615221,0,0,0,0,0,0,0,0,0,7,7,6615221,0,0,0,0,0,0,0,0,0
2021,08,150000,109,0275,18420 ,00000 ,127 ,999,99999, , ,81131      ,4,8,12,Crestone town,1,1,307521,0,0,0,0,0,0,0,0,0,1,1,307521,0,0,0,0,0,0,0,0,0
2021,08,151000,119,0280,18530 ,00000 ,1189 ,999,17820, , ,80813      ,4,8,12,Cripple Creek,3,3,305250,0,0,0,0,0,0,0,0,0,3,3,305250,0,0,0,0,0,0,0,0,0
2021,08,153000,075,0285,18640 ,00000 ,110 ,999,99999, , ,80726      ,4,8,12,Crook town,0,0,0,0,0,0,0,0,0,0,0,0,0,0,0,0,0,0,0,0,0,0,0,0
2021,08,155000,025,    ,99990 ,00000 ,3964 ,999,99999, , ,81063      ,4,8,12,Crowley County Unincorporated Area,2,2,620000,0,0,0,0,0,0,0,0,0,2,2,620000,0,0,0,0,0,0,0,0,0
2021,08,157000,025,0290,18750 ,00000 ,176 ,999,99999, , ,810330036  ,4,8,0,Crowley town,0,0,0,0,0,0,0,0,0,0,0,0,0,0,0,0,0,0,0,0,0,0,0,0
2021,08,159000,027,    ,99990 ,00000 ,3100 ,999,99999, , ,81252      ,4,8,12,Custer County Unincorporated Area,127,127,38777260,0,0,0,0,0,0,0,0,0,127,127,38777260,0,0,0,0,0,0,0,0,0
2021,08,161000,123,0295,19080 ,00000 ,4152 ,216,24540, , ,805140186  ,4,8,12,Dacono,0,0,0,0,0,0,0,0,0,0,0,0,0,0,0,0,0,0,0,0,0,0,0,0
2021,08,165000,005,0305,19630 ,00000 ,546 ,216,19740, , ,80105      ,4,8,0,Deer Trail town,75,75,13406520,0,0,0,0,0,0,0,0,0,0,0,0,0,0,0,0,0,0,0,0,0
2021,08,169000,029,0315,19850 ,00000 ,8915 ,999,99999, , ,81416      ,4,8,12,Delta,41,41,9946483,0,0,0,0,0,0,10,122,19434444,41,41,9946483,0,0,0,0,0,0,10,122,19434444
2021,08,173000,031,0320,20000 ,00000 ,600158 ,216,19740,2,1,80202      ,4,8,12,Denver,1550,1550,425872333,0,0,0,1,4,750000,100,8446,1088027233,1550,1550,425872333,0,0,0,1,4,750000,100,8446,1088027233
2021,08,177000,081,0332,20495 ,00000 ,339 ,999,99999, , ,816100238  ,4,8,12,Dinosaur town,0,0,0,0,0,0,0,0,0,0,0,0,0,0,0,0,0,0,0,0,0,0,0,0
2021,08,181000,083,0335,20770 ,00000 ,936 ,999,99999, , ,81323      ,4,8,12,Dolores town,1,1,352566,1,2,492000,0,0,0,0,0,0,1,1,352566,1,2,492000,0,0,0,0,0,0
2021,08,183000,035,    ,99990 ,00000 ,171031 ,216,19740,2, ,80104      ,4,8,12,Douglas County Unincorporated Area,1330,1330,429785075,52,104,21828025,28,102,18479894,30,341,34669154,1330,1330,429785075,52,104,21828025,28,102,18479894,30,341,34669154
2021,08,187000,067,0350,22035 ,00000 ,16887 ,999,99999, , ,81301      ,4,8,12,Durango,114,114,15269041,3,6,1037481,0,0,0,1,50,1075000,114,114,15269041,3,6,1037481,0,0,0,1,50,1075000
2021,08,189000,061,0355,22145 ,00000 ,609 ,999,99999, , ,81036      ,4,8,12,Eads town,0,0,0,0,0,0,0,0,0,0,0,0,0,0,0,0,0,0,0,0,0,0,0,0
2021,08,191000,037,    ,99990 ,00000 ,23240 ,999,99999, , ,81631      ,4,8,12,Eagle County Unincorporated Area,104,104,117801867,0,0,0,0,0,0,2,43,9947426,104,104,117801867,0,0,0,0,0,0,2,43,9947426
2021,08,193000,037,0360,22200 ,00000 ,6508 ,999,99999, , ,81631      ,4,8,12,Eagle town,16,16,14106497,0,0,0,0,0,0,0,0,0,16,16,14106497,0,0,0,0,0,0,0,0,0
2021,08,195000,123,0370,22860 ,00000 ,4365 ,216,24540, , ,80615      ,4,8,12,Eaton town,8,8,2895433,0,0,0,0,0,0,1,8,950341,8,8,2895433,0,0,0,0,0,0,1,8,950341
2021,08,197000,125,0375,23025 ,00000 ,257 ,999,99999, , ,807270217  ,4,8,12,Eckley town,0,0,0,0,0,0,0,0,0,0,0,0,0,0,0,0,0,0,0,0,0,0,0,0
2021,08,199000,059,0380,23135 ,00000 ,5170 ,216,19740, , ,80214      ,4,8,12,Edgewater,3,3,1120221,7,14,3625931,5,15,3757919,5,26,5812383,3,3,1120221,7,14,3625931,5,15,3757919,5,26,5812383
2021,08,201000,041,    ,99990 ,00000 ,165533 ,999,17820,2, ,80910      ,4,8,12,El Paso County Unincorporated Area,4925,4925,1866463231,156,312,34413250,8,24,4560000,105,3925,669110132,4925,4925,1866463231,156,312,34413250,8,24,4560000,105,3925,669110132
2021,08,203000,039,    ,99990 ,00000 ,20387 ,216,19740, , ,80117      ,4,8,12,Elbert County Unincorporated Area,310,310,109253731,0,0,0,0,0,0,0,0,0,310,310,109253731,0,0,0,0,0,0,0,0,0
2021,08,205000,039,0385,23740 ,00000 ,1358 ,216,19740, , ,80107      ,4,8,12,Elizabeth town,101,101,29816943,0,0,0,0,0,0,0,0,0,101,101,29816943,0,0,0,0,0,0,0,0,0
2021,08,209000,005,0395,24785 ,00000 ,30255 ,216,19740, , ,80110      ,4,8,12,Englewood,50,50,15065729,0,0,0,0,0,0,8,197,25691289,50,50,15065729,0,0,0,0,0,0,8,197,25691289
2021,08,213000,123,0400,24950 ,00000 ,9787 ,216,24540,2, ,805160750  ,4,8,12,Erie town,652,652,156636224,55,110,19212353,12,42,6399290,9,278,40406406,652,652,156636224,55,110,19212353,12,42,6399290,9,278,40406406
2021,08,215000,069,0405,25115 ,00000 ,5858 ,999,22660, , ,80517      ,4,8,12,Estes Park town,29,29,18937753,0,0,0,0,0,0,4,38,6200000,29,29,18937753,0,0,0,0,0,0,4,38,6200000
2021,08,217000,123,0415,25280 ,00000 ,18537 ,216,24540, , ,806152036  ,4,8,12,Evans,75,75,14979824,1,2,500000,1,4,831263,6,32,3877645,75,75,14979824,1,2,500000,1,4,831263,6,32,3877645
2021,08,219000,093,0425,25610 ,00000 ,679 ,216,19740, , ,804400267  ,4,8,12,Fairplay town,0,0,0,0,0,0,0,0,0,0,0,0,0,0,0,0,0,0,0,0,0,0,0,0
2021,08,221000,001,0430,26270 ,00000 ,11467 ,216,19740, , ,80221      ,4,8,12,Federal Heights,0,0,0,0,0,0,0,0,0,0,0,0,0,0,0,0,0,0,0,0,0,0,0,0
2021,08,223000,123,0435,26600 ,00000 ,10147 ,216,24540, , ,80504      ,4,8,12,Firestone town,336,336,101839555,0,0,0,0,0,0,3,15,974781,336,336,101839555,0,0,0,0,0,0,3,15,974781
2021,08,225000,063,0440,26765 ,00000 ,561 ,999,99999, , ,80815      ,4,8,12,Flagler town,5,5,1195000,0,0,0,0,0,0,0,0,0,5,5,1195000,0,0,0,0,0,0,0,0,0
2021,08,227000,075,0445,26875 ,00000 ,408 ,999,99999, , ,80728      ,4,8,12,Fleming town,1,1,111600,0,0,0,0,0,0,0,0,0,1,1,111600,0,0,0,0,0,0,0,0,0
2021,08,229000,043,0450,27040 ,00000 ,3881 ,999,99999, , ,81226      ,4,8,12,Florence,7,7,1519427,0,0,0,0,0,0,0,0,0,7,7,1519427,0,0,0,0,0,0,0,0,0
2021,08,231000,069,0455,27425 ,00000 ,143986 ,999,22660, ,1,805228052  ,4,8,12,Fort Collins,381,381,104253206,0,0,0,0,0,0,11,458,49474982,381,381,104253206,0,0,0,0,0,0,11,458,49474982
2021,08,233000,123,0465,27700 ,00000 ,7377 ,216,24540, , ,806211343  ,4,8,12,Fort Lupton,168,168,23536749,0,0,0,9,30,3150954,0,0,0,168,168,23536749,0,0,0,9,30,3150954,0,0,0
2021,08,235000,087,0470,27810 ,00000 ,11315 ,999,99999, , ,80701      ,4,8,12,Fort Morgan,11,11,1406743,0,0,0,13,52,5196555,0,0,0,11,11,1406743,0,0,0,13,52,5196555,0,0,0
2021,08,239000,089,0480,27975 ,00000 ,1182 ,999,99999, , ,810391134  ,4,8,12,Fowler town,0,0,0,0,0,0,0,0,0,0,0,0,0,0,0,0,0,0,0,0,0,0,0,0
2021,08,240000,005,0483,28105 ,00000 ,685 ,216,19740, , ,80108      ,4,8,12,Foxfield town,154,154,42227030,0,0,0,0,0,0,2,28,4263454,154,154,42227030,0,0,0,0,0,0,2,28,4263454
2021,08,243000,123,0490,28360 ,00000 ,8679 ,216,24540, , ,805300435  ,4,8,12,Frederick town,311,311,84725920,0,0,0,0,0,0,0,0,0,311,311,84725920,0,0,0,0,0,0,0,0,0
2021,08,245000,043,    ,99990 ,00000 ,24818 ,999,99999, , ,81212      ,4,8,12,Fremont County Unincorporated Area,100,100,28635418,0,0,0,0,0,0,0,0,0,100,100,28635418,0,0,0,0,0,0,0,0,0
2021,08,247000,117,0500,28690 ,00000 ,2683 ,999,99999, , ,80443      ,4,8,12,Frisco town,24,24,17214517,0,0,0,0,0,0,0,0,0,24,24,17214517,0,0,0,0,0,0,0,0,0
2021,08,251000,123,0510,29185 ,00000 ,234 ,216,24540, , ,806318466  ,4,8,12,Garden City town,0,0,0,0,0,0,0,0,0,0,0,0,0,0,0,0,0,0,0,0,0,0,0,0
2021,08,253000,045,    ,99990 ,00000 ,22643 ,999,99999, , ,81601      ,4,8,12,Garfield County Unincorporated Area,160,160,47225480,2,4,1082999,0,0,0,0,0,0,160,160,47225480,2,4,1082999,0,0,0,0,0,0
2021,08,257000,019,0520,29735 ,00000 ,1034 ,216,19740, , ,80444      ,4,8,12,Georgetown town,0,0,0,0,0,0,0,0,0,9,76,9183333,0,0,0,0,0,0,0,0,0,9,76,9183333
2021,08,259000,123,0525,29955 ,00000 ,1034 ,216,24540, , ,806230128  ,4,8,12,Gilcrest town,1,1,225712,0,0,0,0,0,0,0,0,0,1,1,225712,0,0,0,0,0,0,0,0,0
2021,08,261000,047,    ,99990 ,00000 ,4660 ,216,19740, , ,80427      ,4,8,12,Gilpin County Unincorporated Area,22,22,6098990,0,0,0,0,0,0,0,0,0,22,22,6098990,0,0,0,0,0,0,0,0,0
2021,08,263000,005,0530,30340 ,00000 ,4184 ,216,19740, , ,80246      ,4,8,12,Glendale,0,0,0,0,0,0,0,0,0,0,0,0,0,0,0,0,0,0,0,0,0,0,0,0
2021,08,265000,045,0535,30780 ,00000 ,9614 ,999,99999, , ,81601      ,4,8,0,Glenwood Springs,0,0,0,0,0,0,0,0,0,1,152,65613104,0,0,0,0,0,0,0,0,0,0,0,0
2021,08,267000,059,0540,30835 ,00000 ,18867 ,216,19740, , ,80401      ,4,8,12,Golden,12,12,5609000,0,0,0,0,0,0,0,0,0,12,12,5609000,0,0,0,0,0,0,0,0,0
2021,08,269000,099,0545,31550 ,00000 ,517 ,999,99999, , ,81041      ,4,8,12,Granada town,0,0,0,0,0,0,0,0,0,0,0,0,0,0,0,0,0,0,0,0,0,0,0,0
2021,08,273000,049,    ,99990 ,00000 ,8178 ,999,99999,2, ,80451      ,4,8,12,Grand County Unincorporated Area,258,258,107148911,0,0,0,0,0,0,2,60,7663449,258,258,107148911,0,0,0,0,0,0,2,60,7663449
2021,08,279000,123,0570,32155 ,00000 ,92889 ,216,24540, ,1,80631      ,4,8,12,Greeley,315,315,94872733,31,62,15051355,33,120,25801903,24,418,60880093,315,315,94872733,31,62,15051355,33,120,25801903,24,418,60880093
2021,08,285000,005,0580,33035 ,00000 ,13925 ,216,19740, , ,80111      ,4,8,12,Greenwood Village,9,9,13732745,0,0,0,0,0,0,0,0,0,9,9,13732745,0,0,0,0,0,0,0,0,0
2021,08,287000,123,0585,33310 ,00000 ,137 ,216,24540, , ,80729      ,4,8,12,Grover town,0,0,0,0,0,0,0,0,0,0,0,0,0,0,0,0,0,0,0,0,0,0,0,0
2021,08,289000,051,0590,33640 ,00000 ,5854 ,999,99999, , ,81230      ,4,8,12,Gunnison,29,29,5576705,2,4,912423,2,8,1207981,0,0,0,29,29,5576705,2,4,912423,2,8,1207981,0,0,0
2021,08,291000,051,    ,99990 ,00000 ,6985 ,999,99999, , ,81230      ,4,8,12,Gunnison County Unincorporated Area,98,98,39332535,2,4,713280,10,36,6514727,0,0,0,98,98,39332535,2,4,713280,10,36,6514727,0,0,0
2021,08,293000,037,0595,33695 ,00000 ,6477 ,999,99999, , ,81637      ,4,8,12,Gypsum town,24,24,4850958,14,28,4517808,2,6,1132684,5,150,4792998,24,24,4850958,14,28,4517808,2,6,1132684,5,150,4792998
2021,08,299000,095,0610,34960 ,00000 ,946 ,999,99999, , ,80731      ,4,8,12,Haxtun town,1,1,307521,0,0,0,0,0,0,0,0,0,1,1,307521,0,0,0,0,0,0,0,0,0
2021,08,303000,087,0620,36610 ,00000 ,264 ,999,99999, , ,80733      ,4,8,0,Hillrose town,0,0,0,0,0,0,0,0,0,0,0,0,0,0,0,0,0,0,0,0,0,0,0,0
2021,08,305000,053,    ,00000 ,00000 ,435 ,999,99999, , ,81235      ,4,8,0,Hinsdale County,14,14,5899950,0,0,0,0,0,0,0,0,0,0,0,0,0,0,0,0,0,0,0,0,0
2021,08,307000,099,0625,37215 ,00000 ,802 ,999,99999, , ,810470458  ,4,8,12,Holly town,2,2,600000,0,0,0,0,0,0,0,0,0,2,2,600000,0,0,0,0,0,0,0,0,0
2021,08,309000,095,0630,37270 ,00000 ,2313 ,999,99999, , ,80734      ,4,8,12,Holyoke,2,2,450000,0,0,0,0,0,0,0,0,0,2,2,450000,0,0,0,0,0,0,0,0,0
2021,08,311000,003,0635,37380 ,00000 ,103 ,999,99999, , ,811360001  ,4,8,0,Hooper town,0,0,0,0,0,0,0,0,0,0,0,0,0,0,0,0,0,0,0,0,0,0,0,0
2021,08,315000,029,0640,37545 ,00000 ,944 ,999,99999, , ,81419      ,4,8,12,Hotchkiss town,7,7,1235908,0,0,0,0,0,0,0,0,0,7,7,1235908,0,0,0,0,0,0,0,0,0
2021,08,317000,123,0650,37820 ,00000 ,2356 ,216,24540, , ,80642      ,4,8,0,Hudson town,0,0,0,0,0,0,0,0,0,0,0,0,0,0,0,0,0,0,0,0,0,0,0,0
2021,08,319000,055,    ,99990 ,00000 ,2843 ,999,99999, , ,81089      ,4,8,0,Huerfano County Unincorporated Area,55,55,10045472,0,0,0,0,0,0,0,0,0,0,0,0,0,0,0,0,0,0,0,0,0
2021,08,321000,073,0655,37875 ,00000 ,730 ,999,99999, , ,80821      ,4,8,12,Hugo town,0,0,0,0,0,0,0,0,0,0,0,0,0,0,0,0,0,0,0,0,0,0,0,0
2021,08,323000,019,0660,38370 ,00000 ,1717 ,216,19740, , ,80452      ,4,8,12,Idaho Springs,0,0,0,0,0,0,0,0,0,0,0,0,0,0,0,0,0,0,0,0,0,0,0,0
2021,08,325000,067,0665,38535 ,00000 ,697 ,999,99999, , ,81137      ,4,8,12,Ignacio town,2,2,380000,0,0,0,0,0,0,0,0,0,2,2,380000,0,0,0,0,0,0,0,0,0
2021,08,327000,075,0670,38590 ,00000 ,266 ,999,99999, , ,807360194  ,4,8,0,Iliff town,0,0,0,0,0,0,0,0,0,0,0,0,0,0,0,0,0,0,0,0,0,0,0,0
2021,08,329000,057,    ,99990 ,00000 ,786 ,999,99999, , ,804801019  ,4,8,12,Jackson County Unincorporated Area,2,2,160000,0,0,0,0,0,0,0,0,0,2,2,160000,0,0,0,0,0,0,0,0,0
2021,08,333000,059,    ,99990 ,00000 ,187757 ,216,19740, , ,804193540  ,4,8,12,Jefferson County Unincorporated Area,435,435,161291545,2,4,1006000,14,56,11412004,17,774,80514680,435,435,161291545,2,4,1006000,14,56,11412004,17,774,80514680
2021,08,335000,123,0690,39855 ,00000 ,9350 ,216,24540,2, ,805340609  ,4,8,12,Johnstown town,185,185,51877231,0,0,0,0,0,0,0,0,0,185,185,51877231,0,0,0,0,0,0,0,0,0
2021,08,337000,115,0695,39965 ,00000 ,1225 ,999,99999, , ,80737      ,4,8,0,Julesburg town,0,0,0,0,0,0,0,0,0,0,0,0,0,0,0,0,0,0,0,0,0,0,0,0
2021,08,339000,123,0700,40185 ,00000 ,1127 ,216,24540, , ,80643      ,4,8,12,Keenesburg town,150,150,32988407,0,0,0,0,0,0,0,0,0,150,150,32988407,0,0,0,0,0,0,0,0,0
2021,08,341000,123,0710,40515 ,00000 ,1454 ,216,24540, , ,80644      ,4,8,12,Kersey town,1,1,220000,0,0,0,0,0,0,0,0,0,1,1,220000,0,0,0,0,0,0,0,0,0
2021,08,345000,061,    ,99990 ,00000 ,633 ,999,99999, , ,81036      ,4,8,0,Kiowa County Unincorporated Area,6,6,1023600,0,0,0,0,0,0,0,0,0,0,0,0,0,0,0,0,0,0,0,0,0
2021,08,347000,039,0715,40790 ,00000 ,723 ,216,19740, , ,80117      ,4,8,12,Kiowa town,1,1,142333,0,0,0,0,0,0,0,0,0,1,1,142333,0,0,0,0,0,0,0,0,0
2021,08,349000,063,    ,99990 ,00000 ,2273 ,999,99999, , ,808070249  ,4,8,0,Kit Carson County Unincorporated Area,0,0,0,0,0,0,0,0,0,0,0,0,0,0,0,0,0,0,0,0,0,0,0,0
2021,08,351000,017,0720,41010 ,00000 ,233 ,999,99999, , ,80825      ,4,8,0,Kit Carson town,0,0,0,0,0,0,0,0,0,0,0,0,0,0,0,0,0,0,0,0,0,0,0,0
2021,08,355000,021,0740,42055 ,00000 ,818 ,999,99999, , ,81140      ,4,8,12,La Jara town,0,0,0,0,0,0,0,0,0,0,0,0,0,0,0,0,0,0,0,0,0,0,0,0
2021,08,357000,089,0745,42110 ,00000 ,7077 ,999,99999, , ,81050      ,4,8,12,La Junta,2,2,286000,5,10,2306888,0,0,0,0,0,0,2,2,286000,5,10,2306888,0,0,0,0,0,0
2021,08,359000,067,    ,99990 ,00000 ,31417 ,999,99999, , ,81301      ,4,8,12,La Plata County Unincorporated Area,226,226,138151190,0,0,0,0,0,0,0,0,0,226,226,138151190,0,0,0,0,0,0,0,0,0
2021,08,361000,123,0775,43605 ,00000 ,1955 ,216,24540, , ,80645      ,4,8,12,La Salle town,0,0,0,0,0,0,0,0,0,0,0,0,0,0,0,0,0,0,0,0,0,0,0,0
2021,08,363000,055,0785,44100 ,00000 ,800 ,999,99999, , ,81055      ,4,8,12,La Veta town,2,2,670000,0,0,0,0,0,0,0,0,0,2,2,670000,0,0,0,0,0,0,0,0,0
2021,08,365000,013,0735,41835 ,00000 ,24453 ,216,14500, , ,80026      ,4,8,12,Lafayette,59,59,19927244,4,8,1994241,3,9,1568633,0,0,0,59,59,19927244,4,8,1994241,3,9,1568633,0,0,0
2021,08,369000,065,    ,99990 ,00000 ,4708 ,999,99999, , ,80461      ,4,8,0,Lake County,61,61,13031496,0,0,0,1,3,170000,0,0,0,0,0,0,0,0,0,0,0,0,0,0,0
2021,08,371000,059,0755,42495 ,00000 ,8 ,216,19740,2, ,80237      ,4,8,0,Lakeside town,0,0,0,0,0,0,0,0,0,0,0,0,0,0,0,0,0,0,0,0,0,0,0,0
2021,08,373000,059,0760,43000 ,00000 ,142980 ,216,19740, ,1,80226      ,4,8,12,Lakewood,93,93,29025015,6,12,2800000,1,4,1062255,6,255,29690522,93,93,29025015,6,12,2800000,1,4,1062255,6,255,29690522
2021,08,375000,099,0765,43110 ,00000 ,7804 ,999,99999, , ,81052      ,4,8,12,Lamar,4,4,866125,0,0,0,0,0,0,0,0,0,4,4,866125,0,0,0,0,0,0,0,0,0
2021,08,377000,069,    ,99990 ,00000 ,65860 ,999,22660, , ,805221190  ,4,8,12,Larimer County Unincorporated Area,112,112,38651750,2,4,408508,0,0,0,0,0,0,112,112,38651750,2,4,408508,0,0,0,0,0,0
2021,08,381000,011,0780,43660 ,00000 ,2410 ,999,99999, , ,81054      ,4,8,12,Las Animas,2,2,247365,0,0,0,0,0,0,0,0,0,2,2,247365,0,0,0,0,0,0,0,0,0
2021,08,383000,071,    ,99990 ,00000 ,5537 ,999,99999,2, ,81082      ,4,8,0,Las Animas County Unincorporated Area,37,37,5326271,0,0,0,0,0,0,0,0,0,0,0,0,0,0,0,0,0,0,0,0,0
2021,08,387000,073,0800,44980 ,00000 ,1880 ,999,99999, , ,80828      ,4,8,0,Limon town,4,4,833333,0,0,0,0,0,0,0,0,0,0,0,0,0,0,0,0,0,0,0,0,0
2021,08,389000,073,    ,99990 ,00000 ,2525 ,999,99999, , ,80821      ,4,8,0,Lincoln County Unincorporated Area,6,6,487500,0,0,0,0,0,0,0,0,0,0,0,0,0,0,0,0,0,0,0,0,0
2021,08,391000,005,0810,45255 ,00000 ,39328 ,216,19740,2, ,80120      ,4,8,12,Littleton,35,35,13640386,0,0,0,0,0,0,0,0,0,35,35,13640386,0,0,0,0,0,0,0,0,0
2021,08,395000,123,0813,45530 ,00000 ,4724 ,216,24540,2, ,806016416  ,4,8,12,Lochbuie town,43,43,10962307,0,0,0,0,0,0,0,0,0,43,43,10962307,0,0,0,0,0,0,0,0,0
2021,08,397000,087,0815,45695 ,00000 ,873 ,999,99999, , ,80705      ,4,8,0,Log Lane Village town,0,0,0,0,0,0,0,0,0,0,0,0,0,0,0,0,0,0,0,0,0,0,0,0
2021,08,399000,075,    ,99990 ,00000 ,6626 ,999,99999, , ,80751      ,4,8,12,Logan County Unincorporated Area,12,12,3324021,0,0,0,0,0,0,0,0,0,12,12,3324021,0,0,0,0,0,0,0,0,0
2021,08,399500,035,0817,45955 ,00000 ,10218 ,216,19740, , ,80124      ,4,8,12,Lone Tree,14,14,6400021,0,0,0,0,0,0,5,761,102342343,14,14,6400021,0,0,0,0,0,0,5,761,102342343
2021,08,401000,013,0820,45970 ,00000 ,86240 ,216,14500,2, ,80501      ,4,8,12,Longmont,133,133,45490093,0,0,0,0,0,0,10,488,79798684,133,133,45490093,0,0,0,0,0,0,10,488,79798684
2021,08,403000,013,0825,46355 ,00000 ,18376 ,216,14500, , ,80027      ,4,8,12,Louisville,13,13,10813178,0,0,0,0,0,0,0,0,0,13,13,10813178,0,0,0,0,0,0,0,0,0
2021,08,405000,069,2640,46465 ,00000 ,66859 ,999,22660, , ,80537      ,4,8,12,Loveland,530,530,168678885,2,4,834966,0,0,0,26,489,71458111,530,530,168678885,2,4,834966,0,0,0,26,489,71458111
2021,08,407000,013,0835,47070 ,00000 ,2033 ,216,14500, , ,80540      ,4,8,12,Lyons town,0,0,0,0,0,0,0,0,0,0,0,0,0,0,0,0,0,0,0,0,0,0,0,0
2021,08,411000,083,0845,48115 ,00000 ,1336 ,999,99999, , ,81328      ,4,8,12,Mancos town,5,5,863000,0,0,0,0,0,0,0,0,0,5,5,863000,0,0,0,0,0,0,0,0,0
2021,08,415000,089,0855,48500 ,00000 ,434 ,999,99999, , ,81068      ,4,8,12,Manzanola town,0,0,0,0,0,0,0,0,0,0,0,0,0,0,0,0,0,0,0,0,0,0,0,0
2021,08,417000,051,0860,48555 ,00000 ,131 ,999,99999, , ,81623      ,4,8,12,Marble town,1,1,250000,0,0,0,0,0,0,0,0,0,1,1,250000,0,0,0,0,0,0,0,0,0
2021,08,419000,123,0865,49600 ,00000 ,3405 ,216,24540, , ,80542      ,4,8,0,Mead town,8,8,2531128,0,0,0,0,0,0,0,0,0,0,0,0,0,0,0,0,0,0,0,0,0
2021,08,421000,103,0875,49875 ,00000 ,2475 ,999,99999, , ,81641      ,4,8,0,Meeker town,1,1,450000,0,0,0,0,0,0,0,0,0,0,0,0,0,0,0,0,0,0,0,0,0
2021,08,423000,075,0880,50040 ,00000 ,284 ,999,99999, , ,80741      ,4,8,0,Merino town,1,1,296834,0,0,0,0,0,0,0,0,0,0,0,0,0,0,0,0,0,0,0,0,0
2021,08,425000,077,    ,00000 ,00000 ,71607 ,999,24300, , ,815025001  ,4,8,12,Mesa County,909,909,167525170,5,10,801805,5,15,1622555,14,297,24994905,909,909,167525170,5,10,801805,5,15,1622555,14,297,24994905
2021,08,427000,123,0885,50480 ,00000 ,5610 ,216,24540, , ,80543      ,4,8,12,Milliken town,133,133,27003430,0,0,0,0,0,0,0,0,0,133,133,27003430,0,0,0,0,0,0,0,0,0
2021,08,429000,079,    ,99990 ,00000 ,422 ,999,99999, , ,81130      ,4,8,12,Mineral County Unincorporated Area,8,8,2890000,0,0,0,0,0,0,0,0,0,8,8,2890000,0,0,0,0,0,0,0,0,0
2021,08,431000,037,0890,50920 ,00000 ,1027 ,999,99999, , ,816450309  ,4,8,0,Minturn town,3,3,375000,0,0,0,0,0,0,0,0,0,0,0,0,0,0,0,0,0,0,0,0,0
2021,08,433000,081,    ,99990 ,00000 ,3992 ,999,99999, , ,81625      ,4,8,12,Moffat County Unincorporated Area,11,11,2041039,0,0,0,0,0,0,0,0,0,11,11,2041039,0,0,0,0,0,0,0,0,0
2021,08,435000,109,0895,51250 ,00000 ,116 ,999,99999, , ,81143      ,4,8,0,Moffat town,0,0,0,0,0,0,0,0,0,0,0,0,0,0,0,0,0,0,0,0,0,0,0,0
2021,08,443000,085,0910,51745 ,00000 ,19132 ,999,99999, , ,81402      ,4,8,12,Montrose,222,222,33158244,4,8,1252240,2,7,736325,2,48,7820000,222,222,33158244,4,8,1252240,2,7,736325,2,48,7820000
2021,08,445000,085,    ,99990 ,00000 ,19038 ,999,99999, , ,81401      ,4,8,12,Montrose County Unincorporated Area,164,164,31095849,0,0,0,0,0,0,0,0,0,164,164,31095849,0,0,0,0,0,0,0,0,0
2021,08,449000,087,    ,99990 ,00000 ,9351 ,999,99999, , ,80701      ,4,8,12,Morgan County Unincorporated Area,53,53,14324855,0,0,0,0,0,0,0,0,0,53,53,14324855,0,0,0,0,0,0,0,0,0
2021,08,451000,059,0920,52075 ,00000 ,428 ,216,19740, , ,804653001  ,4,8,12,Morrison town,0,0,0,0,0,0,0,0,0,0,0,0,0,0,0,0,0,0,0,0,0,0,0,0
2021,08,453000,051,0928,52570 ,00000 ,801 ,999,99999, , ,81225      ,4,8,12,Mount Crested Butte town,10,10,15328785,0,0,0,0,0,0,0,0,0,10,10,15328785,0,0,0,0,0,0,0,0,0
2021,08,455000,059,0925,52350 ,00000 ,507 ,216,19740, , ,80212      ,4,8,12,Mountain View town,0,0,0,0,0,0,0,0,0,0,0,0,0,0,0,0,0,0,0,0,0,0,0,0
2021,08,456000,113,0926,52550 ,00000 ,1320 ,999,99999, , ,81435      ,4,8,12,Mountain Village town,20,20,57030899,0,0,0,0,0,0,0,0,0,20,20,57030899,0,0,0,0,0,0,0,0,0
2021,08,457000,085,0930,53120 ,00000 ,546 ,999,99999, , ,81422      ,4,8,12,Naturita town,0,0,0,0,0,0,0,0,0,0,0,0,0,0,0,0,0,0,0,0,0,0,0,0
2021,08,459000,013,0935,53175 ,00000 ,1445 ,216,14500, , ,80466      ,4,8,12,Nederland town,8,8,4905738,3,6,997900,0,0,0,0,0,0,8,8,4905738,3,6,997900,0,0,0,0,0,0
2021,08,461000,045,0940,53395 ,00000 ,4518 ,999,99999, , ,81647      ,4,8,12,New Castle town,22,22,6502366,0,0,0,0,0,0,1,5,1212622,22,22,6502366,0,0,0,0,0,0,1,5,1212622
2021,08,463000,001,0943,54330 ,00000 ,35777 ,216,19740,2, ,80233      ,4,8,12,Northglenn,75,75,17438589,0,0,0,3,12,4362022,16,373,62166853,75,75,17438589,0,0,0,3,12,4362022,16,373,62166853
2021,08,469000,085,0955,54935 ,00000 ,711 ,999,99999, , ,81424      ,4,8,0,Nucla town,1,1,120000,0,0,0,0,0,0,0,0,0,0,0,0,0,0,0,0,0,0,0,0,0
2021,08,471000,123,0960,55045 ,00000 ,416 ,216,24540, , ,806480171  ,4,8,12,Nunn town,4,4,1120000,0,0,0,0,0,0,0,0,0,4,4,1120000,0,0,0,0,0,0,0,0,0
2021,08,475000,085,0970,55540 ,00000 ,1849 ,999,99999, , ,81425      ,4,8,12,Olathe town,1,1,184000,0,0,0,0,0,0,0,0,0,1,1,184000,0,0,0,0,0,0,0,0,0
2021,08,477000,025,0975,55705 ,00000 ,345 ,999,99999, , ,810620156  ,4,8,12,Olney Springs town,0,0,0,0,0,0,0,0,0,0,0,0,0,0,0,0,0,0,0,0,0,0,0,0
2021,08,479000,113,0980,55870 ,00000 ,159 ,999,99999, , ,81426      ,4,8,0,Ophir town,1,1,388250,0,0,0,0,0,0,0,0,0,0,0,0,0,0,0,0,0,0,0,0,0
2021,08,481000,029,0985,55980 ,00000 ,3119 ,999,99999, , ,814108258  ,4,8,12,Orchard City town,21,21,2569152,0,0,0,0,0,0,0,0,0,21,21,2569152,0,0,0,0,0,0,0,0,0
2021,08,483000,025,0995,56145 ,00000 ,1080 ,999,99999, , ,81063      ,4,8,0,Ordway town,0,0,0,0,0,0,0,0,0,1,11,825000,0,0,0,0,0,0,0,0,0,0,0,0
2021,08,485000,089,    ,99990 ,00000 ,5312 ,999,99999, , ,81050      ,4,8,12,Otero County Unincorporated Area,2,2,800000,0,0,0,0,0,0,0,0,0,2,2,800000,0,0,0,0,0,0,0,0,0
2021,08,489000,091,1005,56420 ,00000 ,1000 ,999,99999, , ,81427      ,4,8,0,Ouray,3,3,1500000,0,0,0,1,4,920000,1,8,1306667,0,0,0,0,0,0,0,0,0,0,0,0
2021,08,491000,091,    ,99990 ,00000 ,2512 ,999,99999, , ,814320028  ,4,8,12,Ouray County Unincorporated Area,56,56,36600432,0,0,0,0,0,0,0,0,0,56,56,36600432,0,0,0,0,0,0,0,0,0
2021,08,493000,115,1010,56475 ,00000 ,318 ,999,99999, , ,80744      ,4,8,12,Ovid town,0,0,0,0,0,0,0,0,0,0,0,0,0,0,0,0,0,0,0,0,0,0,0,0
2021,08,495000,007,1015,56860 ,00000 ,1727 ,999,99999, , ,811471859  ,4,8,0,Pagosa Springs town,32,32,6704763,0,0,0,0,0,0,0,0,0,0,0,0,0,0,0,0,0,0,0,0,0
2021,08,501000,095,1030,57245 ,00000 ,34 ,999,99999, , ,80746      ,4,8,12,Paoli town,0,0,0,0,0,0,0,0,0,0,0,0,0,0,0,0,0,0,0,0,0,0,0,0
2021,08,503000,029,1035,57300 ,00000 ,1451 ,999,99999, , ,81428      ,4,8,0,Paonia town,1,1,60000,0,0,0,1,3,40000,0,0,0,0,0,0,0,0,0,0,0,0,0,0,0
2021,08,505000,045,1037,57400 ,00000 ,1085 ,999,99999, , ,81632      ,4,8,12,Parachute town,4,4,771873,0,0,0,0,0,0,0,0,0,4,4,771873,0,0,0,0,0,0,0,0,0
2021,08,507000,093,    ,99990 ,00000 ,15257 ,216,19740, , ,80440      ,4,8,12,Park County Unincorporated Area,187,187,52530554,0,0,0,0,0,0,0,0,0,187,187,52530554,0,0,0,0,0,0,0,0,0
2021,08,509000,035,1039,57630 ,00000 ,45297 ,216,19740, , ,80134      ,4,8,12,Parker town,639,639,243978942,0,0,0,0,0,0,12,376,67483218,639,639,243978942,0,0,0,0,0,0,12,376,67483218
2021,08,511000,075,1040,58235 ,00000 ,238 ,999,99999, , ,807470007  ,4,8,12,Peetz town,0,0,0,0,0,0,0,0,0,0,0,0,0,0,0,0,0,0,0,0,0,0,0,0
2021,08,513000,095,    ,99990 ,00000 ,1149 ,999,99999, , ,80734      ,4,8,12,Phillips County Unincorporated Area,5,5,1306972,0,0,0,0,0,0,0,0,0,5,5,1306972,0,0,0,0,0,0,0,0,0
2021,08,515000,123,1045,59005 ,00000 ,834 ,216,24540, , ,80650      ,4,8,12,Pierce town,0,0,0,0,0,0,0,0,0,0,0,0,0,0,0,0,0,0,0,0,0,0,0,0
2021,08,517000,097,    ,99990 ,00000 ,6733 ,999,99999, , ,81611      ,4,8,12,Pitkin County Unincorporated Area,26,26,82649174,0,0,0,1,3,1466117,0,0,0,26,26,82649174,0,0,0,1,3,1466117,0,0,0
2021,08,519000,051,1050,59830 ,00000 ,66 ,999,99999, , ,81241      ,4,8,0,Pitkin town,0,0,0,0,0,0,0,0,0,0,0,0,0,0,0,0,0,0,0,0,0,0,0,0
2021,08,521000,123,1055,60160 ,00000 ,2485 ,216,24540, , ,806517503  ,4,8,0,Platteville town,0,0,0,0,0,0,0,0,0,0,0,0,0,0,0,0,0,0,0,0,0,0,0,0
2021,08,529000,099,    ,99990 ,00000 ,2942 ,999,99999, , ,81052      ,4,8,12,Prowers County Unincorporated Area,2,2,615041,0,0,0,0,0,0,0,0,0,2,2,615041,0,0,0,0,0,0,0,0,0
2021,08,533000,101,    ,99990 ,00000 ,51976 ,444,39380,2, ,81003      ,4,8,12,Pueblo County Unincorporated Area,742,742,120064563,0,0,0,0,0,0,0,0,0,742,742,120064563,0,0,0,0,0,0,0,0,0
2021,08,535000,041,1090,62660 ,00000 ,123 ,999,17820, , ,808320129  ,4,8,12,Ramah town,0,0,0,0,0,0,0,0,0,0,0,0,0,0,0,0,0,0,0,0,0,0,0,0
2021,08,537000,103,1095,62880 ,00000 ,2365 ,999,99999, , ,816483048  ,4,8,12,Rangely town,0,0,0,0,0,0,0,0,0,0,0,0,0,0,0,0,0,0,0,0,0,0,0,0
2021,08,541000,037,1110,63265 ,00000 ,267 ,999,99999, , ,816490040  ,4,8,12,Red Cliff town,1,1,400000,0,0,0,0,0,0,0,0,0,1,1,400000,0,0,0,0,0,0,0,0,0
2021,08,543000,033,1115,64090 ,00000 ,265 ,999,99999, , ,81332      ,4,8,12,Rico town,6,6,1845124,0,0,0,0,0,0,0,0,0,6,6,1845124,0,0,0,0,0,0,0,0,0
2021,08,545000,091,1120,64200 ,00000 ,924 ,999,99999, , ,814320010  ,4,8,12,Ridgway town,10,10,6894248,0,0,0,0,0,0,3,65,11080000,10,10,6894248,0,0,0,0,0,0,3,65,11080000
2021,08,547000,045,1125,64255 ,00000 ,9172 ,999,99999, , ,816501908  ,4,8,0,Rifle,27,27,6644386,1,2,414984,0,0,0,1,68,11199600,0,0,0,0,0,0,0,0,0,0,0,0
2021,08,549000,103,    ,99990 ,00000 ,1826 ,999,99999, , ,816410599  ,4,8,12,Rio Blanco County Unincorporated Area,11,11,3165000,0,0,0,0,0,0,0,0,0,11,11,3165000,0,0,0,0,0,0,0,0,0
2021,08,551000,105,    ,99990 ,00000 ,5248 ,999,99999,2, ,81132      ,4,8,12,Rio Grande County Unincorporated Area,35,35,6391213,0,0,0,0,0,0,0,0,0,35,35,6391213,0,0,0,0,0,0,0,0,0
2021,08,553000,043,1130,64970 ,00000 ,487 ,999,99999, , ,812440091  ,4,8,0,Rockvale town,8,8,1030533,0,0,0,0,0,0,0,0,0,0,0,0,0,0,0,0,0,0,0,0,0
2021,08,555000,089,1135,65190 ,00000 ,3957 ,999,99999, , ,810671702  ,4,8,12,Rocky Ford,0,0,0,0,0,0,0,0,0,0,0,0,0,0,0,0,0,0,0,0,0,0,0,0
2021,08,559000,107,    ,99990 ,00000 ,8298 ,999,99999, , ,80487      ,4,8,12,Routt County,206,206,185047395,0,0,0,0,0,0,1,9,2433000,206,206,185047395,0,0,0,0,0,0,1,9,2433000
2021,08,563000,109,    ,99990 ,00000 ,3352 ,999,99999, , ,81149      ,4,8,12,Saguache County Unincorporated Area,100,100,12648739,0,0,0,0,0,0,0,0,0,100,100,12648739,0,0,0,0,0,0,0,0,0
2021,08,565000,109,1155,67005 ,00000 ,485 ,999,99999, , ,811490417  ,4,8,12,Saguache town,0,0,0,0,0,0,0,0,0,0,0,0,0,0,0,0,0,0,0,0,0,0,0,0
2021,08,569000,111,    ,99990 ,00000 ,62 ,999,99999, , ,81433      ,4,8,12,San Juan County Unincorporated Area,3,3,1050000,0,0,0,0,0,0,0,0,0,3,3,1050000,0,0,0,0,0,0,0,0,0
2021,08,571000,023,1169,68105 ,00000 ,629 ,999,99999, , ,811520659  ,4,8,12,San Luis town,0,0,0,0,0,0,0,0,0,0,0,0,0,0,0,0,0,0,0,0,0,0,0,0
2021,08,573000,113,    ,99990 ,00000 ,2997 ,999,99999,2, ,81435      ,4,8,12,San Miguel County Unincorporated Area,23,23,36973354,0,0,0,0,0,0,0,0,0,23,23,36973354,0,0,0,0,0,0,0,0,0
2021,08,577000,113,1175,68655 ,00000 ,40 ,999,99999, , ,814300248  ,4,8,12,Sawpit town,0,0,0,0,0,0,0,0,0,0,0,0,0,0,0,0,0,0,0,0,0,0,0,0
2021,08,579000,115,    ,99990 ,00000 ,690 ,999,99999, , ,80737      ,4,8,12,Sedgwick County Unincorporated Area,1,1,150000,0,0,0,0,0,0,0,0,0,1,1,150000,0,0,0,0,0,0,0,0,0
2021,08,581000,115,1185,68930 ,00000 ,146 ,999,99999, , ,80749      ,4,8,12,Sedgwick town,0,0,0,0,0,0,0,0,0,0,0,0,0,0,0,0,0,0,0,0,0,0,0,0
2021,08,583000,063,1190,69040 ,00000 ,181 ,999,99999, , ,80834      ,4,8,12,Seibert town,1,1,175000,0,0,0,0,0,0,0,0,0,1,1,175000,0,0,0,0,0,0,0,0,0
2021,08,585000,123,1195,69150 ,00000 ,3165 ,216,24540, , ,80546      ,4,8,12,Severance town,428,428,122450561,0,0,0,0,0,0,0,0,0,428,428,122450561,0,0,0,0,0,0,0,0,0
2021,08,587000,005,1200,69645 ,00000 ,5664 ,216,19740, , ,80110      ,4,8,12,Sheridan,1,1,515000,0,0,0,0,0,0,0,0,0,1,1,515000,0,0,0,0,0,0,0,0,0
2021,08,591000,045,1210,70195 ,00000 ,2930 ,999,99999, , ,81652      ,4,8,12,Silt town,42,42,6906414,0,0,0,0,0,0,2,16,955656,42,42,6906414,0,0,0,0,0,0,2,16,955656
2021,08,593000,027,1215,70250 ,00000 ,587 ,999,99999, , ,81252      ,4,8,12,Silver Cliff town,9,9,1520000,1,2,600000,0,0,0,0,0,0,9,9,1520000,1,2,600000,0,0,0,0,0,0
2021,08,595000,019,1220,70360 ,00000 ,170 ,216,19740, , ,80476      ,4,8,12,Silver Plume town,0,0,0,0,0,0,0,0,0,0,0,0,0,0,0,0,0,0,0,0,0,0,0,0
2021,08,597000,117,1222,70525 ,00000 ,3887 ,999,99999, , ,80498      ,4,8,12,Silverthorne town,130,130,73185677,2,4,1800000,2,8,1800000,4,21,5939376,130,130,73185677,2,4,1800000,2,8,1800000,4,21,5939376
2021,08,599000,111,1225,70580 ,00000 ,637 ,999,99999, , ,814330250  ,4,8,12,Silverton town,14,14,4050000,0,0,0,0,0,0,0,0,0,14,14,4050000,0,0,0,0,0,0,0,0,0
2021,08,601000,039,1230,70635 ,00000 ,618 ,216,19740, , ,80835      ,4,8,12,Simla town,1,1,21000,0,0,0,0,0,0,0,0,0,1,1,21000,0,0,0,0,0,0,0,0,0
2021,08,603000,097,1236,71755 ,00000 ,2826 ,999,99999, , ,81615      ,4,8,12,Snowmass Village town,42,42,31990303,0,0,0,0,0,0,0,0,0,42,42,31990303,0,0,0,0,0,0,0,0,0
2021,08,605000,009,1240,73330 ,00000 ,1451 ,999,99999, , ,81073      ,4,8,12,Springfield town,3,3,260800,0,0,0,0,0,0,0,0,0,3,3,260800,0,0,0,0,0,0,0,0,0
2021,08,611000,075,1255,73935 ,00000 ,14777 ,999,99999, , ,807510400  ,4,8,12,Sterling,0,0,0,0,0,0,0,0,0,0,0,0,0,0,0,0,0,0,0,0,0,0,0,0
2021,08,613000,063,1260,74485 ,00000 ,658 ,999,99999, , ,80836      ,4,8,12,Stratton town,0,0,0,0,0,0,0,0,0,0,0,0,0,0,0,0,0,0,0,0,0,0,0,0
2021,08,615000,025,1265,74815 ,00000 ,258 ,999,99999, , ,810760060  ,4,8,12,Sugar City town,1,1,88000,0,0,0,0,0,0,0,0,0,1,1,88000,0,0,0,0,0,0,0,0,0
2021,08,617000,117,    ,99990 ,00000 ,15066 ,999,99999,2, ,804435660  ,4,8,12,Summit County Unincorporated Area,78,78,50604578,0,0,0,0,0,0,1,21,6311996,78,78,50604578,0,0,0,0,0,0,1,21,6311996
2021,08,619000,013,1270,75640 ,00000 ,12483 ,216,14500,2, ,80027      ,4,8,12,Superior town,34,34,14644367,19,38,10736013,13,43,12147062,9,49,15368714,34,34,14644367,19,38,10736013,13,43,12147062,9,49,15368714
2021,08,623000,089,1275,75970 ,00000 ,617 ,999,99999, , ,81077      ,4,8,12,Swink town,2,2,615041,0,0,0,0,0,0,0,0,0,2,2,615041,0,0,0,0,0,0,0,0,0
2021,08,625000,119,    ,99990 ,00000 ,14536 ,999,17820,2, ,80866      ,4,8,12,Teller County Unincorporated Area,99,99,28217819,0,0,0,0,0,0,0,0,0,99,99,28217819,0,0,0,0,0,0,0,0,0
2021,08,627000,113,1280,76795 ,00000 ,2325 ,999,99999, , ,81435      ,4,8,12,Telluride town,9,9,16375394,0,0,0,1,3,1674766,2,24,12024198,9,9,16375394,0,0,0,1,3,1674766,2,24,12024198
2021,08,629000,001,1285,77290 ,00000 ,118772 ,216,19740,2, ,80229      ,4,8,12,Thornton,700,700,238623723,43,86,18072573,0,0,0,18,362,56981319,700,700,238623723,43,86,18072573,0,0,0,18,362,56981319
2021,08,631000,069,1290,77510 ,00000 ,625 ,999,22660,2, ,80547      ,4,8,12,Timnath town,476,476,144830220,0,0,0,0,0,0,3,79,8000000,476,476,144830220,0,0,0,0,0,0,3,79,8000000
2021,08,633000,071,1295,78610 ,00000 ,9096 ,999,99999, , ,81082      ,4,8,12,Trinidad,4,4,1293360,0,0,0,0,0,0,0,0,0,4,4,1293360,0,0,0,0,0,0,0,0,0
2021,08,637000,037,1307,80040 ,00000 ,5305 ,999,99999, , ,81657      ,4,8,12,Vail town,18,18,41929909,0,0,0,0,0,0,0,0,0,18,18,41929909,0,0,0,0,0,0,0,0,0
2021,08,639000,119,1310,80865 ,00000 ,397 ,999,17820, , ,80860      ,4,8,12,Victor,0,0,0,0,0,0,0,0,0,0,0,0,0,0,0,0,0,0,0,0,0,0,0,0
2021,08,645000,057,1325,82130 ,00000 ,608 ,999,99999, , ,80480      ,4,8,12,Walden town,0,0,0,0,0,0,0,0,0,0,0,0,0,0,0,0,0,0,0,0,0,0,0,0
2021,08,647000,055,1330,82350 ,00000 ,3068 ,999,99999, , ,81089      ,4,8,0,Walsenburg,0,0,0,0,0,0,0,0,0,0,0,0,0,0,0,0,0,0,0,0,0,0,0,0
2021,08,649000,009,1335,82460 ,00000 ,546 ,999,99999, , ,810900280  ,4,8,12,Walsh town,0,0,0,0,0,0,0,0,0,0,0,0,0,0,0,0,0,0,0,0,0,0,0,0
2021,08,651000,013,1340,82735 ,00000 ,150 ,216,14500, , ,80481      ,4,8,0,Ward town,1,1,70000,0,0,0,0,0,0,0,0,0,0,0,0,0,0,0,0,0,0,0,0,0
2021,08,653000,121,    ,99990 ,00000 ,2637 ,999,99999, , ,80720      ,4,8,12,Washington County Unincorporated Area,0,0,0,0,0,0,0,0,0,0,0,0,0,0,0,0,0,0,0,0,0,0,0,0
2021,08,655000,123,    ,99990 ,00000 ,42473 ,216,24540, , ,80631      ,4,8,12,Weld County Unincorporated Area,158,158,56062959,0,0,0,0,0,0,0,0,0,158,158,56062959,0,0,0,0,0,0,0,0,0
2021,08,657000,069,1345,83230 ,00000 ,6289 ,999,22660, , ,80549      ,4,8,12,Wellington town,112,112,30450048,0,0,0,0,0,0,0,0,0,112,112,30450048,0,0,0,0,0,0,0,0,0
2021,08,659000,027,1350,83450 ,00000 ,568 ,999,99999, , ,81252      ,4,8,12,Westcliffe town,8,8,2252116,0,0,0,0,0,0,0,0,0,8,8,2252116,0,0,0,0,0,0,0,0,0
2021,08,661000,001,1355,83835 ,00000 ,63696 ,216,19740,2, ,80031      ,4,8,12,Westminster,147,147,40432968,0,0,0,0,0,0,1,312,65646531,147,147,40432968,0,0,0,0,0,0,1,312,65646531
2021,08,665000,059,1360,84440 ,00000 ,30166 ,216,19740, , ,800338001  ,4,8,12,Wheat Ridge,157,157,39096915,1,2,442400,0,0,0,9,280,46481698,157,157,39096915,1,2,442400,0,0,0,9,280,46481698
2021,08,667000,087,1363,84770 ,00000 ,893 ,999,99999, , ,806548933  ,4,8,12,Wiggins town,72,72,10690075,0,0,0,0,0,0,0,0,0,72,72,10690075,0,0,0,0,0,0,0,0,0
2021,08,671000,043,1370,85155 ,00000 ,662 ,999,99999, , ,81226      ,4,8,12,Williamsburg town,6,6,855000,0,0,0,0,0,0,0,0,0,6,6,855000,0,0,0,0,0,0,0,0,0
2021,08,673000,123,4560,85485 ,00000 ,14070 ,216,24540,2, ,80550      ,4,8,0,Windsor town,806,806,232184719,0,0,0,10,30,7280534,19,285,38573076,0,0,0,0,0,0,0,0,0,0,0,0
2021,08,675000,049,1377,85705 ,00000 ,999 ,999,99999,2, ,80482      ,4,8,0,Winter Park town,127,127,43012524,0,0,0,0,0,0,1,22,3271623,0,0,0,0,0,0,0,0,0,0,0,0
2021,08,677000,119,1380,86090 ,00000 ,7200 ,999,17820, , ,80866      ,4,8,12,Woodland Park,47,47,19314813,0,0,0,0,0,0,0,0,0,47,47,19314813,0,0,0,0,0,0,0,0,0
2021,08,679000,125,1385,86310 ,00000 ,2342 ,999,99999, , ,80758      ,4,8,0,Wray,1,1,320000,0,0,0,0,0,0,0,0,0,0,0,0,0,0,0,0,0,0,0,0,0
2021,08,683000,125,1395,86750 ,00000 ,3524 ,999,99999, , ,80759      ,4,8,12,Yuma,1,1,780054,1,2,90000,0,0,0,0,0,0,1,1,780054,1,2,90000,0,0,0,0,0,0
